@Author: Atul Sahay <atul>
@Date:   2018-10-28T13:21:43+05:30
@Email:  atulsahay01@gmail.com
@Last modified by:   atul
@Last modified time: 2018-10-28T13:31:12+05:30


New Net

Layer 1 
neuron 1 : {'weights': array([-0.1110665 ,  0.71473253, -0.32888717,  0.73880935, -0.22346503,
        0.86572318, -0.91613776, -0.45859356,  0.75225048,  0.3455601 ,
        0.76716089,  0.32386079,  0.79613776,  0.83591344,  0.04232209,
        0.52874001,  0.56727591,  1.01746181,  0.15067843, -0.61075364,
       -0.13038436,  0.41008878,  0.97411614, -0.4371277 ,  0.95650962,
       -0.43121882, -0.76815768, -0.71317914, -0.82901926,  0.86724544,
        0.16740774,  0.20065895, -0.86329618, -0.22413159, -0.20816138,
       -0.14119052,  0.14049633]), 'result': 0.9600122643490965, 'delta': 0.03499234202693759}
neuron 2 : {'weights': array([-0.87084005, -0.04090534, -0.46525617,  0.39164946, -0.44134831,
       -0.14074397,  0.2909657 ,  0.89237757, -0.01119501,  0.44492686,
        0.19166401,  0.59391077, -0.4558546 ,  0.2726918 , -0.68605505,
        0.78088759,  0.16309439, -0.50405928,  0.38601975,  0.80789662,
       -0.15564489,  0.21748105, -0.79553289, -0.38951685, -0.21141203,
        0.79155537,  0.33490449,  0.733665  , -0.38491819, -0.34598097,
        0.41028681, -0.10414877, -0.63074418, -0.62910167,  0.96923311,
       -1.01897778, -0.89751409]), 'result': 0.4471915813019902, 'delta': -0.0048595162383754985}
neuron 3 : {'weights': array([ 5.64211998e-01, -8.14545018e-04,  6.19419253e-05,  8.20520825e-01,
        4.03763583e-01,  6.36478538e-01, -5.86899893e-02,  6.21088357e-01,
       -8.09278374e-02,  1.91924279e-01,  5.68082176e-01,  2.43211075e-01,
       -8.55754870e-01, -9.29967925e-01, -9.08536884e-01,  4.99072515e-01,
        9.27896535e-01,  6.99280401e-01, -1.09805363e-01,  1.25113104e-01,
       -1.02945738e-01,  5.77195594e-01,  4.71954035e-01,  8.56186171e-01,
        9.36719930e-01, -8.06569556e-01, -1.63848449e-01,  6.01067300e-01,
        2.59166342e-02,  5.96073959e-01, -1.18763469e-01, -2.11248773e-01,
        7.68804120e-01, -6.63882128e-01,  2.42941695e-01,  6.16143052e-01,
       -5.21892131e-01]), 'result': 0.983379085035736, 'delta': 0.003579293176476668}
neuron 4 : {'weights': array([ 0.11171799,  0.7083197 ,  0.32074205,  0.6880913 , -0.19265745,
        0.60435819, -0.95944308, -0.60736387,  0.14620682, -0.01168994,
        0.65403568,  0.7213545 ,  0.73878141,  0.84798313,  0.30274529,
        0.0948041 , -0.44697315, -0.11236015,  0.77887685,  0.62375766,
        0.65067852, -0.89116862,  0.42785841,  0.04018525, -0.63895944,
        0.04960764, -0.11076463, -0.03130062, -0.62353356,  0.12189337,
       -0.05991685,  0.32357571,  0.7823359 , -0.10771081,  0.7784658 ,
        0.3640279 , -0.12052594]), 'result': 0.3410209439001852, 'delta': -0.014398996645941175}
neuron 5 : {'weights': array([-0.70956924, -0.81500775,  0.77584409,  0.79475945,  0.1848832 ,
       -0.42859149,  0.78865835,  0.07786646, -0.43053361, -0.8704267 ,
       -0.27197123, -0.94802339,  0.68973068,  0.47773363,  0.22249522,
       -0.9497102 , -0.75653716, -0.68278612,  0.10181479,  0.96900016,
       -0.38808505,  0.2859695 ,  0.57197224, -0.12544444,  0.82501074,
       -0.37293141, -0.25691873,  0.61778752,  0.37134873, -0.24703005,
       -0.11596575, -0.71626829, -0.60609634, -0.40750651,  0.90396804,
        1.0170653 , -0.39379513]), 'result': 0.30818831960906407, 'delta': 0.0007259675730181488}
neuron 6 : {'weights': array([-0.35423557, -0.37479142,  0.41362147, -0.73192399, -0.45946466,
       -0.70672452, -0.80734718,  0.04645322, -0.96519596, -0.48735386,
        0.52463487, -0.33754369, -1.02346752,  0.56295054,  0.5319652 ,
        0.37356437, -0.477659  , -0.25097096, -0.94991151,  0.65647955,
       -0.3604908 ,  0.57790472,  0.71236558, -0.24759781, -0.094086  ,
        0.95064954, -0.18099182,  0.966789  ,  0.56260704,  0.55187966,
       -0.44614048,  0.66525501, -0.7472119 , -0.01299261, -0.16567271,
       -0.63878982,  0.60640513]), 'result': 0.8293983814466271, 'delta': 0.0007252837238038216}
neuron 7 : {'weights': array([ 0.35126272,  0.02898937, -0.945797  ,  0.64285971, -0.82963484,
        1.00238598, -0.62791919, -0.10404764, -0.42723537, -0.08037615,
       -0.82530196, -0.82398238, -0.8694483 ,  0.87641276, -0.32181127,
        0.79849616, -0.59974659, -0.09024196, -0.84362401,  0.16459917,
       -0.70275976, -0.80807784, -0.13508595,  0.99011993, -0.97255853,
        0.45241328,  0.77978543,  0.07666021,  0.19974921,  0.81807428,
       -0.9264247 , -0.61694974, -0.07894915,  0.17788879, -0.78354242,
       -0.81266708,  0.8452699 ]), 'result': 0.37382632566820584, 'delta': -0.010067451304963289}
neuron 8 : {'weights': array([-0.29510911,  0.8918205 ,  0.66990392, -0.62696334, -0.09182779,
        0.92029002, -0.75775059, -0.46980449,  0.11816505, -0.7616424 ,
       -0.4661046 ,  0.95749711,  0.75519079,  0.75713125, -0.62477541,
        0.96401315,  0.68356539, -0.93459985, -0.02077762, -0.67873622,
       -0.84169929, -0.34046369, -0.14598517, -0.26997956,  0.94859041,
        0.74665481, -0.31459616, -0.61061631,  0.16254825,  0.19749029,
        0.59691767,  0.13945842,  0.93185256,  0.04654357,  0.75027497,
        0.98316641,  0.79913347]), 'result': 0.23315269611064096, 'delta': 0.028673046966663857}
neuron 9 : {'weights': array([-0.16953324, -0.25869428,  0.91818384, -0.95795897, -0.07119963,
        0.65564373,  0.65130168,  0.97730124, -0.04118803, -0.08480178,
       -0.40281805, -0.18472308,  1.06979351,  0.71288402,  0.51481673,
       -0.75810602, -0.84223149,  0.10483235,  0.96170499, -0.25393681,
        0.43926678,  0.88619455,  0.01343839,  0.31283391,  0.4241556 ,
       -0.75817856,  0.66519046,  0.34233036, -0.29070136,  0.75140105,
       -0.97779242, -0.53737407, -0.29739415, -0.53589486, -0.94214683,
       -0.5846437 ,  0.52356339]), 'result': 0.73771469289793, 'delta': -0.03598561960317216}
neuron 10 : {'weights': array([ 0.20807322, -0.19658357, -0.30698022, -0.37817946,  0.67410567,
        0.90664793, -0.46435569,  0.39686467, -0.05228205,  0.30361855,
       -0.50998105,  0.04460873,  0.87587521,  0.30679725,  0.90933595,
       -0.17695868, -0.8101705 ,  1.10755044, -0.38954501,  0.98112562,
       -0.59666174,  0.2193854 ,  0.84045795,  0.49599329,  0.88423891,
       -0.1960681 ,  0.03030931,  0.82690374, -1.04932803,  0.60255361,
        0.43124774, -0.8696846 ,  0.49100786,  0.41487838, -0.5841601 ,
        0.68072827,  0.32862375]), 'result': 0.8752824210071394, 'delta': 0.01353155147898124}
neuron 11 : {'weights': array([-0.20164159,  0.75141859,  0.58187721,  0.03303672,  0.54992221,
        0.4240141 , -0.29649642, -1.0049534 , -0.74172628,  0.89995737,
        0.83464967,  0.69589237, -0.9639618 , -0.21017211, -0.6250782 ,
       -0.27483422,  0.3745896 ,  0.64466946, -0.42024178, -0.02200482,
        0.67081507, -0.55372385,  0.05199625, -0.45307256,  0.68372231,
        0.44556566, -0.87605734,  0.47743932,  0.35294854,  0.35349991,
        0.48942894, -0.32967478,  0.84381234,  0.63174186,  0.07049032,
       -0.66086589,  0.95711118]), 'result': 0.9618079416059475, 'delta': -0.0034992578054464716}
neuron 12 : {'weights': array([ 0.39477056, -0.56049143, -0.09855409, -0.15431431, -0.51775457,
        0.86157356,  0.78774119, -0.16281582,  0.09839982, -0.97276593,
        0.11406341, -0.98277114, -0.197505  ,  0.14673492, -0.85232035,
        0.45698143, -0.52192882,  0.38509817, -0.8634725 ,  0.51448621,
       -0.33102727,  0.94883504,  0.11581765, -0.72809632, -0.426212  ,
        0.83709809, -0.26658061,  0.44435124, -0.2238433 ,  0.8097785 ,
        0.10829798, -0.65624608, -0.72326068, -0.67834463,  0.3248182 ,
       -0.59134719,  0.01583411]), 'result': 0.857370994257394, 'delta': 0.0006054977345648223}
neuron 13 : {'weights': array([-0.67600746,  0.09936424, -0.62891474, -0.73284701, -0.80684351,
        0.25353736, -0.43755587, -0.94587559, -0.89111059,  0.03189684,
       -0.37112331, -0.21422974,  0.19734834,  0.61879886,  0.07672666,
       -0.02534445, -0.04050647,  1.03064023,  0.73304582,  0.15826508,
        0.93433662,  0.47082997,  0.78705068, -0.50067741, -0.19344943,
       -0.54137786,  0.46873985,  0.90622413, -0.42163199, -0.28462236,
        0.2980652 ,  0.35086465, -0.82896991,  0.36965941,  0.62392027,
       -0.85194824, -0.48844515]), 'result': 0.5615532400574567, 'delta': -0.009303705430901036}
neuron 14 : {'weights': array([ 0.51482615,  0.83296962,  0.38235168, -0.58172605, -0.64306473,
        0.02111344,  0.09615787, -0.19765356,  0.26227455, -0.01011479,
       -0.2217681 , -0.66867572,  0.32477249,  0.8478634 , -0.2961955 ,
       -0.82499375, -0.410869  ,  0.03670519,  0.82170255, -0.05705899,
        0.90298859,  0.583618  , -0.68256279,  0.9211908 , -0.91801915,
        0.37205383,  0.70943328,  0.71495525,  0.34513154,  0.45101551,
        0.95741434, -0.54448032, -0.40744723,  0.1297793 , -0.15877205,
       -0.88701534, -0.62912468]), 'result': 0.47590169532481363, 'delta': 0.010520064963064369}
neuron 15 : {'weights': array([-0.5761002 , -0.66654718, -0.02330427,  0.17496177,  0.75293405,
       -0.28645487,  0.0435823 , -0.6837069 , -0.17923575,  0.02479966,
       -0.66598638, -0.43773703,  0.01811282, -0.52075872,  0.95657727,
        0.1176687 ,  1.01761555,  0.78961584,  0.58182535, -0.80047758,
       -0.46904281,  0.50267441, -0.02390007,  0.47167462, -0.37245469,
        0.96606903,  0.03700835, -0.6639678 ,  0.42657798, -0.04964302,
       -0.54966728, -0.16804077, -0.54144553, -0.12880906,  1.01505017,
       -0.83938803,  0.14258718]), 'result': 0.8098341071713083, 'delta': -0.051494338961999085}
neuron 16 : {'weights': array([-0.74993397, -0.25671131,  0.03794948,  0.21011033,  0.53891694,
       -0.93516376,  0.38003468, -0.48186657, -0.31482488,  0.96432249,
       -0.64250979,  0.18763715, -0.21997417,  0.64026219, -0.52468265,
       -0.29679688, -0.12693985, -0.94121332, -0.04179223,  0.13149268,
       -0.67766243, -0.35326974,  0.16630567, -0.5930292 , -0.3313257 ,
       -0.04333528, -0.4137092 ,  0.38272148,  0.69183422,  0.84983454,
       -0.90682113,  0.59832102, -0.67615518,  0.90228708, -0.04652088,
        0.98690734,  0.07197498]), 'result': 0.47170588953490816, 'delta': 0.011961211517047191}
neuron 17 : {'weights': array([-0.59349739,  0.46029063, -0.76252642,  0.62097463, -0.2021378 ,
        0.66861392, -0.98589113, -0.49190883, -0.75260396,  0.17060523,
        0.84749477,  0.93380813, -0.95370936, -0.67956688,  0.91983433,
       -0.84321584, -0.68484513,  0.83516771,  0.4087526 , -0.89009689,
       -0.15918809, -0.11487193,  0.95895563, -0.95695314, -0.17067051,
        0.06889811, -0.04305315,  0.85616416, -0.03972979, -0.1450501 ,
        0.06032619, -0.88130142, -0.62634811,  0.84869812, -0.72339725,
        0.05815569,  0.50155395]), 'result': 0.8927095939258918, 'delta': 0.023947028026823112}
neuron 18 : {'weights': array([ 0.51571797, -0.43725337,  0.41425465,  0.10613084, -0.21906269,
       -0.49181479,  0.69754537,  0.24395099,  0.89635519,  0.31913757,
       -0.18910922,  0.45599611,  0.21597611, -0.57692386, -0.84361696,
       -0.33500906, -0.05220281, -1.12308976,  0.64756389,  0.89633833,
       -0.89595405,  0.94568057, -0.23707408,  0.70688748,  0.57339188,
        0.95171863,  0.57733665, -0.18304621,  0.36353565,  0.68084655,
       -0.2917384 , -0.9735413 ,  0.76508893,  1.0005712 ,  0.74766052,
       -0.27967442, -0.75871943]), 'result': 0.3869608735261751, 'delta': -0.02287685505828467}
neuron 19 : {'weights': array([ 0.78577163,  0.22535365, -0.57740391, -0.85450555, -0.38598097,
        0.26016471,  0.8106101 ,  0.99719175, -0.05862235, -0.29688026,
        0.62678524, -0.3436387 , -0.97590483,  0.13927863, -0.13343734,
       -0.04285772, -0.41468174, -0.87008175, -0.36022871, -0.76533284,
       -0.85576083, -0.68089268,  0.61664922,  0.62338074,  0.12428097,
        0.55543659,  0.39532808, -0.64693244, -0.52814634,  0.15638244,
        0.81928878,  0.78159886,  0.94354865,  0.60115583,  0.49830757,
       -0.46510722,  0.54116734]), 'result': 0.1333702372283493, 'delta': 0.030391907378275882}
neuron 20 : {'weights': array([ 0.10216407, -0.63317239, -0.78913844, -0.18596283, -0.20237068,
        0.22806871, -0.66273867,  0.63842354, -0.60173225, -0.06070057,
       -0.40874636, -0.14921571, -0.05180557,  0.21168752, -0.26418367,
        0.38163818, -0.46693833, -0.90301658, -0.69610303, -0.75885735,
        0.25223259, -0.50763743, -0.3139319 , -0.96429941, -0.72653898,
       -0.18598037,  0.91872734,  0.00922888, -0.08169465,  0.54014944,
        0.19918468,  0.82565105,  0.34843583, -0.67769773,  0.07666698,
        0.57893419,  0.54298253]), 'result': 0.21327124133316985, 'delta': -0.017382637108811168}
neuron 21 : {'weights': array([ 0.43031486, -0.69100049, -0.35540271, -0.46288308,  0.78577803,
        0.51920739,  1.00125079, -0.78689851, -0.44941275, -0.32053358,
        0.33079979,  0.05431029,  0.80504431, -0.59375392, -0.93820755,
        0.60153158, -0.09826978,  0.47270468, -0.55477493,  0.01686782,
        0.88513114,  0.64885608, -0.17807415, -0.48094032, -0.5491039 ,
       -0.22059868, -0.40365512, -0.44290765, -0.58488345, -0.78005894,
        0.98745074,  0.82374332,  0.1976856 , -0.3280646 , -0.74150306,
       -0.81476078,  1.01346299]), 'result': 0.7671950359041876, 'delta': -0.013756848710509806}
neuron 22 : {'weights': array([-0.55506814, -0.7308463 ,  0.8304159 , -0.23798496, -0.60172297,
       -0.10490577, -0.19560825,  0.73651789, -0.21906686,  0.8812412 ,
        0.74866627,  0.56750824,  0.31179505,  0.54668761, -0.28855551,
       -0.73488924,  0.36038966,  0.43305584, -0.28903567, -0.60327238,
       -0.92019243,  0.32328512, -0.90269895,  0.74785884, -0.56721468,
        0.15526654, -0.23489327,  0.13130264,  0.52110289, -0.38323489,
       -0.6806336 ,  0.29704304, -0.9306256 ,  0.84477794, -0.28919168,
        0.89286136, -0.31951278]), 'result': 0.7139168180188974, 'delta': -0.00968766243658964}
neuron 23 : {'weights': array([-0.88118417, -0.44666239,  0.0526067 ,  0.67334867, -0.42580386,
        0.65950761, -0.46234152, -0.1470187 ,  0.5132056 , -0.13822557,
       -0.85675284,  0.81233713, -0.09802111, -0.06867322,  0.96294244,
       -0.28848365, -0.01569808,  0.57587404, -0.16591738,  1.00105565,
        0.03833277,  0.57987475, -0.78133084, -0.33545788,  0.12214862,
        0.01198392,  0.40622388,  0.37240625, -0.77122662, -0.69603984,
        0.89926463, -0.11671234, -0.87840723,  0.77392729,  0.5283082 ,
       -0.65472511,  0.41745572]), 'result': 0.6461199598696875, 'delta': -0.011287144493089457}
neuron 24 : {'weights': array([ 0.22364844,  0.4257714 , -0.68190541,  0.4172363 , -0.52474879,
        0.46483045, -0.95744348, -0.65782823, -0.52638872,  0.70711378,
        0.59475521,  0.01126254, -0.19285372, -0.25288057,  0.93392745,
       -0.51606057, -0.77010566, -0.58517457, -0.59058764, -0.18366557,
       -0.72393328,  0.74974331, -0.23492221, -0.3605168 ,  0.02718158,
       -0.21609561, -0.67599021,  0.91663621,  0.97601668,  0.94827643,
        0.8344398 ,  0.19535725,  0.62401333,  0.68479026,  0.76643972,
        0.91496899, -0.18971877]), 'result': 0.8345986242406108, 'delta': -0.02234769253817192}
neuron 25 : {'weights': array([ 0.9653889 ,  0.86508414,  0.97360793, -0.05302223, -0.29547434,
       -0.33894141,  0.41751149, -0.54564827, -0.04328781,  0.43650329,
        0.55456816, -0.01245184,  0.69552207, -0.58611748,  0.7629712 ,
        0.74079028,  0.83625582, -1.13116725, -0.66540959, -0.89817657,
        0.48118358, -0.86056694,  0.93459923, -0.43284212,  0.94736147,
        0.05828949, -0.56056783, -0.86183297,  0.59275094, -0.86905728,
       -0.52238978, -0.41032736,  0.26770315, -0.32287146,  0.89767482,
       -0.15966508, -0.6211513 ]), 'result': 0.04467138122835502, 'delta': -0.02618861611977176}
neuron 26 : {'weights': array([ 0.68692821,  0.29136317, -0.89822349, -0.12750759, -0.46329242,
        0.31068052, -0.87006105, -0.28370584,  0.31728119,  0.45135996,
        0.64666718,  0.61479156,  0.90796086,  0.7995657 , -0.23524656,
        0.12020717, -0.92262368, -0.99919702,  0.62463932, -0.04943694,
       -0.41946471,  0.65954787,  0.48127948, -0.62870286, -0.37513421,
        0.15543613, -0.82007169,  0.21110099,  0.13077992, -0.44350328,
       -0.04679273, -0.19378938,  0.24768247, -0.74577337,  0.51896535,
       -0.75182615,  0.46055397]), 'result': 0.33675127384455883, 'delta': 0.006851740328385819}
neuron 27 : {'weights': array([ 0.22918964, -0.36437572, -0.81348735,  0.65760375,  0.43272476,
        0.55609378, -1.04283908, -0.10171373,  0.98221514, -1.10958604,
        0.07066761,  0.21948186, -0.8806503 , -0.86184586,  0.25652377,
       -0.78567848,  0.21711313,  0.35750293,  0.55517988,  0.10197722,
        0.37860514, -0.21425732, -0.07066391,  0.59575545, -0.61558718,
       -0.86682097,  0.37563901, -0.75828876, -0.27586154,  0.48918207,
        0.1997182 , -0.20937611,  0.09010443,  0.27954303, -0.1876997 ,
       -0.1603714 , -0.15762972]), 'result': 0.5591309869442077, 'delta': 0.018298137083677682}
neuron 28 : {'weights': array([ 0.28243903, -0.40840685, -0.28682804,  0.52358005,  0.16757282,
       -0.43848456, -0.52766158,  0.98707297,  0.61598618, -0.58286176,
        0.35844998,  0.93931489,  0.97402101,  0.10696962,  0.76914963,
       -0.86389492,  0.16794271, -0.02803112,  0.46202682,  0.65583446,
        0.25229001, -0.81471557,  0.79149476,  0.03175136,  0.67576964,
       -0.39468056,  0.41477303, -0.16232494,  0.36312044,  0.91696149,
       -0.88608464, -0.02034774,  0.98934846, -0.02834219, -0.64213993,
        0.57878204, -0.18092056]), 'result': 0.6284796346674612, 'delta': -0.006728341357044445}
neuron 29 : {'weights': array([-0.06051687, -0.60066155,  0.06784209, -0.45882403, -0.66051173,
        0.18646173,  0.26994473,  0.06806486,  0.98416073, -0.86422342,
       -0.48072945, -0.72984679,  0.05706491,  0.57310776,  0.39289839,
        0.3064528 ,  0.61807251,  0.82861669,  0.18575535,  0.03439206,
        0.52023768, -0.54244659, -0.42330591,  0.17158036, -0.51221568,
        0.77602237, -0.40912128, -0.4357569 ,  0.52933334, -0.36410566,
        0.03247537,  0.1673669 ,  0.9246062 , -0.63529138,  0.12116422,
       -0.61894596,  0.54076448]), 'result': 0.3668315218193594, 'delta': -0.006502760901748366}
neuron 30 : {'weights': array([ 0.36243195, -0.82895571,  0.06862975,  0.73492889, -0.89862635,
        0.56541224,  0.9033619 , -0.78016032,  0.28939755, -0.75096321,
        0.06953102,  0.30959828, -1.03895808,  0.39803735,  0.83510195,
       -0.50258567,  1.01450375,  0.13393293, -0.44493295,  0.9213126 ,
       -0.73167106,  0.06134998, -0.19856312,  0.32923266,  0.90502583,
        0.82508168, -0.28617867,  0.71077983,  0.36868007, -0.546844  ,
       -0.70674226,  0.7150901 ,  0.55063136, -0.16340278,  0.46275078,
       -0.34943857, -0.31867996]), 'result': 0.7340461331032201, 'delta': 0.03396201996637198}
neuron 31 : {'weights': array([-0.14014129, -0.442796  , -0.96733063,  0.13360874,  0.30152701,
       -0.75505715,  0.41657182, -0.83419393,  0.48519534, -0.70960971,
       -0.11778715, -0.04651209, -0.05298479,  0.54017459,  0.22232745,
        0.76044953,  0.26087411, -0.57925819,  0.74514366, -0.36772087,
       -0.12570302, -0.88838193, -0.68374718,  0.29396595, -0.04129218,
       -0.4000316 ,  0.51157226,  0.20045371,  0.79023615,  0.42055438,
        0.19390154,  0.52769311, -0.42585278, -0.51174596, -0.98164769,
       -0.07490373, -0.8360733 ]), 'result': 0.1906802570447195, 'delta': -0.014520786698722655}
neuron 32 : {'weights': array([-0.26747517,  0.45847119, -0.89576209,  0.08462352, -1.06634568,
        0.94896883,  0.26265431, -0.68120864,  0.09734168,  0.5804115 ,
       -0.59270382,  0.20101003,  0.89539783,  0.34563869, -0.84097871,
       -0.19102206,  0.63742709,  0.6898881 , -0.61692854,  0.98214505,
        0.24367947, -0.28145129, -0.48861612,  0.83686527,  0.88186578,
       -0.39838706, -0.05572611,  0.13022767, -0.88737397, -0.55797774,
        0.55491481,  0.08004703,  0.93396005, -0.00809546, -0.20035012,
       -0.09336711,  0.01828667]), 'result': 0.4263088936230397, 'delta': -0.031033362935138104}
neuron 33 : {'weights': array([-0.81278896,  0.90547788,  0.87278919, -0.49908552,  1.06019786,
       -0.75959154, -0.67764094,  0.39192509, -0.19338886, -0.1667921 ,
       -0.10930097,  0.6780692 , -0.31913393,  0.09732811, -0.94611765,
       -0.65034342,  0.28415767, -0.90297785,  0.82406539, -0.26839944,
        0.74053875, -0.21974706,  0.20096807,  0.74318605, -0.9200253 ,
       -0.42635094,  0.98645112, -0.21716971, -0.28272716, -0.9730607 ,
       -0.45154982,  0.77044638, -0.40504522,  0.06606734, -0.99013191,
       -0.06906031, -0.09565084]), 'result': 0.10965151631546359, 'delta': -0.022457592386116325}
neuron 34 : {'weights': array([-0.62771844,  0.87663615, -0.7630727 , -0.40477618,  0.22136143,
       -0.28242271, -0.88470146,  0.94089153, -0.94763507, -0.41617119,
       -0.84641656, -0.80483423, -0.48042116, -0.72327864, -0.23209548,
       -0.82459279,  0.0887722 , -0.61429227, -0.40998277, -0.43557025,
        0.39671233, -0.46283746, -0.21685867, -0.04280593, -0.57002069,
       -0.74464769,  0.47835372,  0.56102893, -0.50443821,  0.13459364,
        0.79938401, -0.08941113,  0.8073862 ,  0.66919865, -0.32277975,
        0.78267265,  0.38815527]), 'result': 0.2877417756649132, 'delta': -0.004301335898242766}
neuron 35 : {'weights': array([-3.60116337e-01, -7.94105667e-01,  9.14916582e-01,  8.96244895e-01,
        9.60190305e-01,  4.50201494e-01, -2.88780324e-01,  1.06237623e+00,
       -3.08557816e-01,  7.80829140e-01,  7.77190620e-01, -9.35432887e-02,
       -8.23956679e-01,  5.21245577e-01, -7.76701501e-01, -7.43809390e-02,
       -7.71107208e-02,  7.22027185e-01, -7.39780808e-01, -5.50967099e-01,
        4.68374108e-01,  5.84807980e-01, -5.84905203e-01, -2.55706476e-01,
        6.40269809e-01, -1.02274887e-03,  5.38606469e-01,  2.09720048e-01,
       -2.96532857e-01,  8.83862533e-01,  4.59979867e-01, -8.29347946e-01,
        1.78350241e-01, -6.82951614e-01, -8.66524041e-01, -8.18043447e-01,
       -7.25106520e-01]), 'result': 0.9686672247390433, 'delta': 0.006110088084412065}
neuron 36 : {'weights': array([-0.49089055, -0.82903974, -0.4503512 ,  0.17210229, -0.84169501,
        0.50074283, -0.58778031,  0.90738253,  0.93329637, -0.86381814,
        0.14929122, -0.3753821 , -0.44774974,  0.25065472,  0.51132277,
        0.56186537, -0.68017519, -0.77046401, -0.20918833, -0.00724476,
       -0.89072909,  0.25383438, -0.579468  , -0.71147244,  0.60459182,
       -0.61755978, -1.01077992, -0.47205252,  0.70945394,  0.52513566,
        0.49874988, -0.66562371, -0.36693712,  0.53975792, -0.7602132 ,
       -0.76601501,  0.66513786]), 'result': 0.33916062307949807, 'delta': -0.0014864529992789771}
neuron 37 : {'weights': array([ 0.64806666,  0.25833076, -0.21516297, -0.04415498, -0.2263162 ,
       -0.28088134,  0.96875534,  0.97145764, -0.64647072, -0.02672624,
        0.43994192,  0.34210811, -0.37899404, -0.63180014,  0.21091567,
       -0.70493546, -0.18466545, -0.98405098, -0.34776953, -0.14831344,
        0.81835584, -0.56823585, -0.92010483,  0.2499173 ,  0.88349433,
        0.6684075 , -0.56353234,  0.03450837, -0.78438608, -0.87553657,
       -0.8767138 ,  0.0023918 , -0.74791155, -0.20067927, -0.44609815,
       -0.14267129,  0.39239746]), 'result': 0.15643686131502596, 'delta': -0.03400467136222853}
neuron 38 : {'weights': array([ 0.06621455, -0.49341589,  0.14178039, -0.09471725,  0.47545033,
        0.94724393,  0.84831576,  0.8460132 ,  0.07459865,  0.29772827,
       -0.90784001,  0.23336662,  0.57035011,  1.03805447, -0.52386625,
       -0.13680751,  0.66624123, -1.0704395 ,  0.47464614, -0.13178391,
        0.03897762,  0.25620356,  0.12524601, -0.95219366, -0.69473712,
       -0.76517208,  0.09860849, -0.48857796,  0.41571435, -0.41858173,
        0.10247432,  0.04453115, -0.89080035, -0.00187605,  0.86634825,
       -0.09021073, -0.16909441]), 'result': 0.17891540474981033, 'delta': -0.02413500321262816}
neuron 39 : {'weights': array([-0.75447556, -0.31533954, -0.53849931, -0.28085608, -0.52183893,
        0.98367659,  0.85061721, -0.47494502,  0.59046217,  0.22430484,
        0.53064981,  0.11122354, -0.92511148,  0.17780944, -0.92651732,
       -0.121451  , -0.759553  , -0.6386698 ,  0.16611953,  0.87356432,
        0.30848467,  0.54054967, -0.28494832, -0.1727794 , -0.19840613,
        0.49545673, -0.3988667 , -0.40085535, -0.82110453,  1.10205315,
       -0.08903125, -0.9211708 , -0.78828615, -0.9777209 , -0.34764267,
       -0.17499047,  0.22045816]), 'result': 0.5785101352695607, 'delta': -0.02584060716110063}
neuron 40 : {'weights': array([-0.97553697,  0.2927501 ,  0.3974288 ,  0.29977102, -0.75038317,
       -0.83046173,  0.62394811,  0.73325031, -0.00603402,  0.73091646,
       -0.084285  , -0.26011969,  0.49850706,  0.64620355,  0.9224246 ,
        1.02178409,  0.27097492, -0.0196733 ,  0.02882236, -0.21401749,
       -0.97536034, -0.81627446,  0.36259088, -0.5486796 ,  0.17280011,
        0.47258584, -0.90838471, -0.62038512,  0.96099562,  0.10999959,
        0.13882063,  0.55134675, -0.74732411,  0.69289747,  0.23879217,
        0.99692944, -0.91321988]), 'result': 0.12126516185599498, 'delta': 0.02099997690417359}
neuron 41 : {'weights': array([-0.66652468, -0.59098973, -0.93241883, -0.3980157 , -0.54639873,
       -0.13167676,  0.31292716,  0.92964782,  0.83106135,  0.01441695,
        0.80010699, -0.63405329,  0.09402414,  0.48649371,  0.14552658,
       -0.01841986,  0.91959684,  0.15628469,  0.94877223,  0.32988785,
        0.86217613, -0.341567  ,  0.12851343,  0.9539777 ,  0.44202135,
        0.67907839,  0.09500424,  0.43276918,  0.4969335 ,  0.70361549,
       -0.02482084,  0.30975551, -0.65070714, -0.67732296,  0.16045847,
        0.58903283,  0.8089014 ]), 'result': 0.9495184385129118, 'delta': 0.005867192333542012}
neuron 42 : {'weights': array([ 0.53672849, -0.18446202, -0.01024846, -0.51370393,  0.25323503,
        0.1324045 ,  0.30651569,  0.11354471,  0.37375534,  0.07353637,
        0.76385765,  0.04148674,  0.12844912, -0.74564699, -0.31615319,
        0.95674188,  0.69400639,  0.46345179, -0.26548967,  0.73070418,
        0.06894075, -0.46964836, -0.51683858,  0.86757288, -0.85622707,
        0.17470788,  0.87693747, -0.54299219,  0.89632821, -0.03834646,
       -0.00974653, -0.73212318, -0.9613728 ,  0.72946735, -0.49219765,
       -0.38403456,  0.86008779]), 'result': 0.8100687398465588, 'delta': -0.016568517515810705}
neuron 43 : {'weights': array([ 0.21038286,  0.86970078,  0.56305451,  0.4994882 ,  0.40974006,
       -0.81865561,  0.56323787,  0.88647503, -0.20836231, -0.51309283,
       -0.37353661,  0.32482978,  0.332976  ,  0.2970043 ,  0.54348681,
       -0.59244326, -0.89143482, -0.92662913,  0.7832462 ,  0.78936815,
       -0.31369015,  0.51116273, -0.65481645, -0.1459865 ,  0.57280442,
       -0.53059515,  0.94025074, -0.21984966, -0.65755773, -0.34110116,
       -0.57611952,  0.06863959,  0.06943581,  0.10402007, -0.57975081,
       -0.62787794, -0.90090289]), 'result': 0.07974782855508043, 'delta': 0.0019552473935986435}
neuron 44 : {'weights': array([ 0.56984354, -0.67231629, -0.77641752,  0.95674277,  0.96431113,
        0.36959005, -0.71903032,  0.75238787,  0.66898127, -0.23350842,
        0.34302395, -0.62360801, -0.0552911 ,  0.27438966, -0.40655286,
       -0.44030928,  0.11339943,  0.9324452 , -0.26122525, -0.2721377 ,
       -0.38705917,  0.65383113, -0.50111557, -0.5859148 , -0.44046003,
       -0.6003933 ,  0.86973421, -0.41002157,  0.54357209,  0.97573571,
        0.82305807, -0.75119941, -0.60472224,  0.8967734 , -0.91640823,
        0.7060837 , -0.22518542]), 'result': 0.9623080657826988, 'delta': 0.009779065926329137}
neuron 45 : {'weights': array([ 0.15294018,  0.08230354, -0.80851916,  0.32664792, -0.16884775,
        0.29445189,  0.47444918, -0.32160954,  0.99539152,  0.37866107,
        0.77315437,  0.34869102, -0.95794261,  0.70255782,  0.07613143,
       -0.33270235, -0.91617811,  0.92918296,  0.00719132,  0.92312593,
        0.13998969,  0.54626286,  0.96999574,  0.42233482, -0.46148045,
       -0.9510139 ,  0.36348145,  0.52134337,  0.66472511, -0.14512603,
        0.44471523,  0.57336115,  0.8986086 ,  0.56954687, -0.833481  ,
        0.46904472,  0.16937384]), 'result': 0.876995384039498, 'delta': -0.004398342399779043}
neuron 46 : {'weights': array([ 0.43836199, -0.44908428,  0.43931049,  0.12187678,  0.88962798,
       -0.31108378,  0.72018352,  0.64519332, -0.4084055 , -0.25747053,
       -0.26992741,  0.7796261 ,  0.94644348, -0.58232893, -0.90066261,
        0.44659665,  0.38769587,  0.52000148,  0.08711679, -0.70236295,
       -0.87197363,  1.03375806, -0.7984248 , -0.88305543,  0.57607262,
        0.56899491, -0.692612  ,  0.64365413,  0.10366621,  0.02737774,
       -0.56424004,  0.51727327, -0.03305438, -0.86846845,  0.09757793,
       -0.71992738,  0.57660858]), 'result': 0.9710232601664295, 'delta': -0.006388678935445611}
neuron 47 : {'weights': array([-0.31485387, -0.21166681,  0.59180659, -0.92896054,  0.33418852,
       -0.81989844,  0.77770411, -0.81866016,  0.93294547, -0.21258726,
        0.75040315, -0.2046233 ,  0.83465838, -0.34756866,  0.89675331,
       -0.46717419,  0.35988288, -0.26904454, -0.52580749,  0.97527984,
       -0.01388149,  0.64653448,  0.8236245 , -0.38625548, -0.41582816,
       -0.0385287 , -0.02497265, -0.61774408,  0.20318773, -0.45953416,
        0.43218938, -0.67330362, -0.36621567,  0.96497451,  0.51696417,
       -0.11313526, -0.69307179]), 'result': 0.3029371820044574, 'delta': 0.016145451339780077}
neuron 48 : {'weights': array([ 0.32058354,  0.46451396, -0.65298275, -0.80876986, -0.37769367,
        0.2844697 ,  0.97145358,  0.00519256,  0.8198363 ,  0.16603626,
        0.55010229,  0.80115363,  0.31158372, -0.29652549, -0.32679201,
        0.11096755, -0.76611729, -0.87335552,  0.28675243, -0.78753358,
       -0.11213576,  0.83038317, -0.84320586, -0.20447461,  0.78305813,
       -0.33397716,  0.53138653,  0.0349529 , -0.69405792, -0.26537062,
        0.79753889, -0.15425814, -0.67327884, -0.92748522,  0.32155963,
        0.44842234, -0.7416636 ]), 'result': 0.1533548486309712, 'delta': -0.01089271474186432}
neuron 49 : {'weights': array([ 0.59715224, -0.44430598, -0.52989986,  0.46447046,  0.0431681 ,
       -0.13859827, -0.75231967, -0.40501775,  0.99842377,  0.38671917,
        0.54623077, -0.39766261, -0.90317024,  0.39653289,  0.49231769,
        0.62224318,  0.10982512,  0.29276492, -0.15710603,  0.98603246,
       -0.17760981,  0.94984569,  0.03787091, -0.96221451,  0.12563568,
        0.57239201,  0.2511842 ,  0.45809239, -0.82327954,  0.33216067,
        0.83177586,  0.0405909 ,  0.7732232 , -0.14884231,  0.01143469,
       -0.75392008, -0.20312259]), 'result': 0.9315657767639353, 'delta': -0.02251710394212866}
neuron 50 : {'weights': array([-0.66142636,  0.564874  , -0.8343279 ,  0.86639951, -0.05348964,
        0.4749928 ,  0.03336066, -0.51958592,  0.38132619,  0.82621218,
       -0.4261698 , -0.8463172 ,  0.26791353,  0.59527714, -0.04100054,
        0.11900143, -0.87592281, -0.15256114,  0.02868046, -0.88766541,
       -0.69405727, -0.87634374, -0.91792775,  0.61942558, -0.52857415,
        0.54809842, -0.50026348,  0.34354839, -0.50138741, -0.82776522,
       -0.92315797, -0.38961273, -0.42391657,  0.68471517,  0.81730458,
       -0.69130763, -1.08235544]), 'result': 0.04015516466610956, 'delta': -0.0008348360080220982}
neuron 51 : {'weights': array([ 0.51264955,  0.25491826,  0.09196301, -0.6666915 ,  0.86525706,
        0.65424021, -0.24452952, -1.08853666,  0.69601374, -0.68009531,
        0.51145569, -0.21517798,  0.76622545, -0.34075398, -0.73368308,
       -0.21066815, -0.83805167, -0.20710395, -0.92670954,  0.65761414,
        0.18898921, -0.22934251, -0.39575344,  0.65364597, -0.44045885,
       -0.02918206,  0.32888377, -0.51230565,  0.74298168,  0.77925189,
       -0.46270382, -0.62120505,  0.69349663,  0.4497193 ,  0.32766492,
       -0.16093488, -0.80245192]), 'result': 0.17831121335967665, 'delta': 0.0032637173046917997}
neuron 52 : {'weights': array([ 0.88417224, -0.06894184,  0.43381477,  0.97023081, -0.57392111,
       -0.84164133,  0.55753852, -0.61935598,  0.48915341, -0.92351021,
        0.39120401, -0.2175114 ,  0.22631442,  0.15999949, -0.2447412 ,
        0.81658955,  0.89895144,  1.01885478, -0.63376998,  0.3455626 ,
       -0.82379456,  0.01453999, -0.19920803,  0.89707491, -0.79281567,
       -0.52893564,  0.40637184, -0.49676489,  0.87979966,  0.69897795,
        0.53376944,  0.47074521, -0.7803534 ,  0.51535251,  0.51176772,
       -0.04030887, -0.9764597 ]), 'result': 0.8258936395134029, 'delta': 0.020692750242185805}
neuron 53 : {'weights': array([-0.1661949 ,  0.93461406, -0.58043249, -0.55648126, -0.79962244,
        0.53238346,  0.38166494,  0.06769676, -0.26364997,  0.57306839,
       -0.36915837, -0.95146029,  0.01259292,  0.80817561,  0.4053433 ,
        0.15330397, -0.40824244, -0.96390441, -0.8824914 , -0.75536743,
        0.07917479,  0.51400501,  0.20037241, -0.16068739, -0.1741821 ,
        0.70334746,  0.52926392, -0.25979927,  0.99549999, -0.4494059 ,
        0.73393981,  0.51840438, -0.10018003,  0.04026341, -0.71215987,
       -0.77138778,  0.8688967 ]), 'result': 0.18298763913721494, 'delta': -0.024262687206863056}
neuron 54 : {'weights': array([-0.2506984 ,  0.66923749, -0.37090183, -0.0687888 ,  0.71136828,
       -0.12708253,  0.12746338, -0.58046251,  0.79385459, -0.87151979,
        0.39542667, -0.57872003,  0.56818888, -0.08155659, -0.84095562,
       -0.82508247,  0.11029375,  0.64912116,  0.85075026, -0.14474576,
       -0.61141286,  0.04410796,  0.4494607 ,  0.05764971, -0.54588046,
        0.72085713, -0.87417722, -0.18192557, -0.26793287,  0.17587507,
        0.45416453, -0.47724587,  0.41207316,  0.77280221, -0.41739658,
        0.97112194,  0.31791508]), 'result': 0.8182538522482374, 'delta': 0.010352734060327572}
neuron 55 : {'weights': array([-0.01823875, -0.26115063,  0.10559739,  0.03313238,  0.05023168,
       -0.04692474, -0.80619861,  0.89951294, -0.47183348,  1.0148006 ,
       -0.75427597, -0.80908584,  0.46723509, -0.0667633 ,  0.66759198,
        0.10732224,  0.89325637,  0.62474615,  0.64326402,  0.39917698,
       -0.14069892, -0.76408613, -0.52865678,  0.28378583, -0.28916301,
       -0.62239159, -0.61111039, -0.73380993,  0.49278099,  0.23938694,
       -0.19314372,  0.24321268, -0.55871321, -0.68646563,  0.82882881,
       -1.01768559, -0.67359893]), 'result': 0.2768585140590131, 'delta': 0.014941640119883297}
neuron 56 : {'weights': array([-0.28890589, -0.02698169,  0.75967714, -0.2214325 ,  0.02298309,
        0.63179172,  0.5055941 ,  0.01417983,  0.16503334,  0.84372386,
       -0.74539303, -0.48670457, -0.57465232,  0.92228206,  0.38594583,
       -0.0562414 ,  0.65565755, -0.40630808, -0.54520254,  0.18904707,
       -0.1129599 ,  0.15530303, -0.29355205,  0.85030676, -0.47488173,
       -0.21637623, -0.1293932 ,  0.90446105, -0.7626376 ,  0.78999858,
       -0.97126002, -0.4543151 , -0.71864926, -0.89222804,  0.8961987 ,
       -0.73314035, -0.40698472]), 'result': 0.7569882681619999, 'delta': -0.023884461789651933}
neuron 57 : {'weights': array([ 0.47231393,  0.39350013, -0.58512033,  0.68440325, -0.00714889,
       -0.75240964, -0.9430349 ,  0.62831361, -0.7327992 ,  0.27408069,
       -0.77776037, -0.35655452, -0.0065109 , -0.31341124,  0.40546813,
        0.51141877, -0.03547466,  1.01268835, -0.93472195, -0.73709854,
        0.07564064, -0.93327227, -0.03317091,  0.09668773, -0.05119664,
       -0.33824755,  0.25961277,  0.02425071,  0.74533937, -0.24719583,
       -0.63427894, -0.30616405,  0.22606466,  0.44994372,  0.31164512,
       -0.37102483, -0.61651392]), 'result': 0.23394218732797623, 'delta': 0.00967226862280568}
neuron 58 : {'weights': array([-0.08102263,  0.65885865, -0.53084205,  0.67538887,  0.49587723,
        0.93330152, -0.51234648, -0.08798606, -0.45700836, -0.90316742,
       -1.01115556, -0.26357129,  0.69117484,  0.92998862,  0.17088267,
       -0.17601236, -0.46868169,  0.96924964, -0.55103229, -0.7470873 ,
       -0.37507545,  0.35476574, -0.30025512,  0.0667184 ,  1.02236644,
        0.7463067 , -0.22401181, -0.08823828,  0.64489334, -0.26321027,
       -0.26002695,  0.94859695,  0.98240251, -0.67848483,  0.48638901,
       -0.39921649,  0.61343982]), 'result': 0.6578000655995728, 'delta': 0.012036987102412754}
neuron 59 : {'weights': array([ 0.39300975, -0.81892354,  0.57021509,  0.31947717, -0.18176031,
        0.50018228,  0.06716999, -1.06416529,  0.88693553, -0.35433237,
       -0.09424768, -0.16909971,  0.08332523,  0.02359297,  0.5849074 ,
        0.89139233,  0.58833244, -0.15141891, -0.21497531,  0.54325696,
       -0.63031859, -0.2376438 , -0.93622291,  0.70978245,  0.0353322 ,
        0.40377469, -0.72992265,  0.03441428, -0.16393375,  0.67924758,
        0.13838155,  0.03045633, -0.81298357,  0.79486483, -0.12914454,
       -0.83363793,  1.0017176 ]), 'result': 0.8613077438223137, 'delta': 0.018903053566129962}
neuron 60 : {'weights': array([-0.39223148, -0.92524961,  0.5010229 ,  0.2043145 , -0.40204387,
        1.00335227, -0.70951793,  0.37897569, -0.39711975, -0.76561435,
        0.11755346, -0.23197605,  0.65230106,  0.07329461, -0.06817793,
        0.77485772,  0.33035312, -0.78630578, -0.02489598,  0.51126352,
        0.87302605, -0.60402436, -0.09814527,  0.24301251, -0.56625535,
        0.55255138, -0.67021098,  0.52584426,  0.41449033,  0.63323898,
        0.72849757, -0.42198408,  0.73484378,  0.91144464, -0.46117536,
        0.71049734, -0.40097401]), 'result': 0.41861420406918237, 'delta': -0.051488610856707626}
neuron 61 : {'weights': array([ 0.27524986,  0.24115552,  1.01327856,  0.78111841,  0.75930296,
        0.67066316, -0.47872564,  1.02293723,  0.05157026, -0.89694778,
       -0.98425219, -0.46983647, -0.55759751,  0.62255686, -0.8423533 ,
        0.88998551, -0.1926288 ,  0.33806191,  0.04462206, -0.56973279,
       -0.34118724, -0.04380111, -0.46516031,  1.04312276,  0.75497314,
       -0.3831244 , -0.33841928, -0.09607578,  0.65854263,  0.33705769,
        0.33960842,  1.00426034,  0.45471769, -0.70171217,  0.56953672,
       -0.35421938, -0.34041806]), 'result': 0.47273379850526537, 'delta': -0.04095956044094517}
neuron 62 : {'weights': array([-0.94231255, -0.11123023,  0.30883989, -0.61454075, -0.67742661,
        0.74855148,  0.56528279,  0.4997652 , -0.15662239,  0.13563137,
        0.14464545,  0.93206375,  0.00456747,  0.25894876, -0.57354385,
       -0.12278185,  0.01890122,  0.78277409,  0.94051914,  0.93169855,
        0.02236318, -0.73713811,  0.70705084, -0.33268765, -0.56214494,
       -0.84384624, -0.28751838, -0.45483183, -0.52319132,  0.1668833 ,
        0.76431881,  0.47687963,  0.41768152, -0.84184659, -0.24955808,
       -0.60600082, -0.75938957]), 'result': 0.19517321097548895, 'delta': 0.006841386436188313}
neuron 63 : {'weights': array([ 0.01466459, -0.58420671, -0.74152109, -0.66035012, -0.06565312,
        0.58232375,  0.39553844,  0.51800666, -0.70102813, -0.10871272,
        0.82139245, -0.31388018,  0.25408391, -0.3945164 , -0.86657621,
       -0.44649591, -0.40842675, -1.33983327,  0.41629616,  0.5770042 ,
       -0.37244844, -0.23671774,  0.26624619,  0.03473375, -0.33544699,
        0.88469112, -0.19820097,  0.24615432,  0.4411128 ,  0.60607118,
       -1.01843846, -0.08039194, -0.31647532, -0.58962118,  0.05274141,
       -0.65696484,  0.67118517]), 'result': 0.5057136996177913, 'delta': -0.04158961096183425}
neuron 64 : {'weights': array([ 0.35004258,  0.07732956, -0.31473632, -0.56496295,  0.132709  ,
       -0.05447405,  0.72238422, -0.48395889,  0.26036173, -0.71161396,
       -0.06599197,  0.34634482, -0.34781518,  0.13980363, -0.16878969,
        0.34510891, -0.27239983,  0.36166069, -0.55240382, -0.79279865,
        0.34529726,  0.72616964,  0.39940307, -0.70716279,  0.16797894,
       -0.68276629, -0.42657652,  0.87770208,  0.36032562,  0.72185447,
       -0.0629784 ,  0.88431965, -0.55954856,  0.5687439 ,  0.95775478,
       -0.31173372, -0.85530182]), 'result': 0.7542792312073084, 'delta': 0.030207830050485523}
neuron 65 : {'weights': array([-0.39342466, -0.75564013,  0.10056076, -0.38687429, -0.03201489,
        0.44787831, -0.97620074, -0.3224973 ,  0.40061156, -0.97059974,
       -0.71809756, -0.97324767,  0.31762675,  0.76180156,  0.68793255,
       -0.33254653,  0.52327702, -0.70662191, -0.61775358, -0.98986713,
       -0.30998169,  0.04115616,  0.30644639, -0.50714814, -0.78539151,
        1.0013516 , -0.17472748, -0.82911174,  0.86872408,  0.5219982 ,
       -0.72401071,  0.66603082, -0.49780532, -0.97768114, -0.38902338,
        0.57795284,  0.70224413]), 'result': 0.2872175947448825, 'delta': 0.019337340964637868}
neuron 66 : {'weights': array([ 0.23335321, -0.48966044, -0.12566933, -0.03504125,  0.74998643,
       -0.08219992,  0.85448983,  0.97021497, -0.13654843,  0.1787991 ,
       -0.47306364, -0.77420263, -0.4553769 , -0.8689794 , -0.87748362,
        0.28302301,  0.34831798, -0.21445579,  0.49486706,  0.93228205,
       -0.35991406,  0.91372548,  0.65402657, -0.59333065,  0.73052499,
        0.64010931,  0.01737815,  0.53960245,  0.57807231,  0.40049217,
       -0.32183455,  0.90733769,  0.83730027, -0.21549308, -0.7351729 ,
       -0.8839468 , -0.0676818 ]), 'result': 0.8852197632754484, 'delta': -0.025676418148912635}
neuron 67 : {'weights': array([-0.85870684, -0.5103731 , -0.92524563, -0.55350067,  0.30948109,
       -0.77905252,  0.87775828,  0.05931901, -0.6637273 , -1.12094078,
        0.55360124, -0.68348741, -0.3486378 , -0.46767359,  0.32191914,
        0.05116527,  0.57435755,  0.81879474, -0.57097805, -0.10570016,
       -0.89166025,  0.11973472, -0.78406337,  0.40933642,  0.4811879 ,
        0.33661971,  0.38259073, -0.06928389, -0.76402653,  0.46269916,
        0.75759947,  0.52348228, -0.01261422,  0.67022045, -0.7576184 ,
       -0.82514877, -0.7843343 ]), 'result': 0.766369410992892, 'delta': 0.033352813818738315}
neuron 68 : {'weights': array([ 0.35217131, -0.6171788 ,  0.68090251,  0.65519239,  0.47728458,
       -0.37416215,  0.28654343,  0.29401506, -0.46953369,  0.08516103,
       -0.70643518,  0.84659129,  0.73322321, -0.70919419,  0.96833763,
        0.94541898,  0.01798309,  0.03194642,  0.29941766, -0.61570931,
        0.47062787,  0.76146461, -0.81282717,  0.43854605,  0.12128449,
       -0.11030172, -0.94592099,  0.46273454,  0.17022559,  0.33740233,
       -0.14754517,  0.3054336 ,  0.6831783 , -0.7329921 ,  0.55628398,
        0.74060831,  0.83939922]), 'result': 0.9284958048770254, 'delta': 0.0028797492787443237}
neuron 69 : {'weights': array([-0.91172286, -1.01031863, -0.28199437, -0.20686433,  0.11483191,
        0.40970798,  0.71727138,  0.57688315,  0.46093085,  0.33696168,
        0.42711883, -0.23104167,  0.92037924, -0.33494671,  0.01163817,
       -0.91504467, -0.71116626,  0.44644109, -0.40892038, -0.45916377,
       -0.08681117, -0.00735999, -0.05209786, -0.50665979,  0.37245564,
       -0.92509303,  0.46631656,  0.55715248,  0.87343253,  0.15886629,
        0.29271706,  0.47415356, -0.92192668, -0.56382924, -0.28218409,
       -0.83538077, -0.70775947]), 'result': 0.5615814074949692, 'delta': 0.0056507372494112975}
neuron 70 : {'weights': array([-0.31940215,  0.40440525, -0.87410808, -0.83666134, -0.1748778 ,
        0.73881517,  0.34145854, -0.64334639,  0.26155196,  0.49899306,
       -0.8362171 , -0.66549619,  0.26076496,  0.30760316, -0.18737629,
       -0.86532703,  0.76859865,  1.20074512,  0.80127562,  0.8069511 ,
       -0.9161411 , -0.26557227,  0.50430664,  0.46779878, -0.54106369,
        0.22168589,  0.14905738,  0.17498053, -0.73036983,  0.705711  ,
        0.17282422,  0.9705017 , -0.22497639, -0.03999901,  0.51444611,
        0.41843796, -0.74996245]), 'result': 0.6142812456371902, 'delta': -0.012163002359542669}
neuron 71 : {'weights': array([-0.83917866, -0.39804469,  0.54750201, -0.02661658,  0.04779051,
       -0.29702257,  0.28398045,  0.25636772,  0.11746196,  0.49046662,
        0.36925775,  0.66765175, -0.6641256 ,  0.0024598 , -0.53785943,
        0.21627903, -0.16540878,  0.62806739,  0.55016668, -0.39442251,
       -0.34657908, -0.66406074, -0.52926502,  0.55954404,  0.24978574,
       -0.65108527,  0.75327215, -0.0028977 ,  0.7702658 ,  0.32786027,
       -0.73841487, -0.8790975 , -0.65658175, -0.93062292, -0.93222977,
        0.2817445 ,  0.46001239]), 'result': 0.7332550538466728, 'delta': -0.021615237288695407}
neuron 72 : {'weights': array([-0.51853679, -0.68219452,  0.78797147, -0.70699331, -0.75835871,
       -0.7541424 ,  0.6797405 , -0.37806882, -0.44345938,  0.08121658,
       -0.42339306,  0.72318354,  0.48608584, -0.89403853, -0.92134655,
        0.61701246,  0.05146778,  0.82420216,  0.20504291,  0.51717685,
        0.87628982, -0.78224543,  0.9725391 , -0.23122894, -0.10807255,
        0.33128541, -0.28630073, -0.93505572,  0.57751935, -0.55775623,
        0.51743184, -0.62159364, -0.83150169,  0.65530578, -0.90835444,
       -0.7228782 ,  0.5819338 ]), 'result': 0.12197603457374846, 'delta': -0.005755287795849687}
neuron 73 : {'weights': array([ 7.08462438e-01,  1.21475500e-01,  3.56164403e-04, -5.97857280e-01,
       -6.67771294e-01,  8.62243613e-01,  2.74952013e-01,  1.03590396e+00,
        8.56199496e-01, -4.81490185e-01, -8.09721808e-01, -4.27458955e-02,
        7.24955375e-01, -7.11782399e-01,  1.02122095e+00,  9.38027574e-01,
       -3.01099336e-01,  2.41656801e-01, -1.83600555e-01, -2.23048851e-01,
        2.84237069e-01,  7.71101121e-01,  9.31991699e-02, -9.18080901e-01,
       -9.22669049e-01,  4.07571319e-01, -2.61897428e-01,  8.48222155e-01,
        3.49990807e-01, -1.33132685e-01,  4.09105651e-01,  7.04810068e-01,
        8.35844249e-01, -3.63321939e-01, -7.19848637e-01, -3.85622604e-01,
       -6.03749859e-01]), 'result': 0.388611713722561, 'delta': -0.006333803057110229}
neuron 74 : {'weights': array([-0.0360211 , -0.63572136, -0.29921553,  0.57847342, -0.3176122 ,
       -0.40325632, -0.69994935, -0.8168312 ,  0.36584677, -0.56102107,
        0.48614128, -0.72571458, -0.35019482, -0.50324138,  0.54577765,
       -0.1350747 ,  0.67655151, -0.36741588,  0.90649572,  0.35305282,
       -0.18920705, -0.0985196 , -0.75338959,  0.72076397,  0.09226138,
       -0.09205777, -0.64304079, -0.13618479, -0.46637068, -0.26422673,
        0.81281307,  0.18167497, -0.76017596, -0.68112098, -0.04471211,
       -0.3297429 ,  0.29321483]), 'result': 0.6103776228379961, 'delta': -0.025722421048500532}
neuron 75 : {'weights': array([ 0.77441735,  0.47799003, -0.98916197, -0.41913625, -0.05992329,
        0.38467676,  0.03101088, -0.18937471, -0.12279253, -0.16256894,
       -0.78559168,  0.5272601 ,  0.16240948,  0.76616352, -0.81798665,
       -0.09132584, -0.31917435,  0.25703814, -0.35712801,  0.01006543,
       -0.5250306 , -0.48688149, -0.44089263, -0.17436253,  0.05311944,
        0.63703506, -0.35669076, -0.96467435,  0.33972049, -0.17494056,
       -0.28123963, -0.07342479,  0.55984948,  0.17625376,  0.31677065,
       -0.12507916,  0.00895881]), 'result': 0.06352628191035536, 'delta': -0.003369170220178239}
neuron 76 : {'weights': array([-0.34028969,  0.7943651 , -0.58794063, -0.42678326, -0.16893259,
        0.38944422, -0.64939368, -0.2416242 ,  0.39332114, -0.58497642,
       -0.33160545, -0.52639841, -0.9301667 ,  0.6374746 , -0.45891907,
        0.43431131, -0.8451149 ,  1.08036327,  0.93106801, -0.7167855 ,
       -0.49652684,  0.44735173,  0.84741494,  0.26647964,  0.05401779,
       -0.31961833,  0.26674825,  0.53844528,  0.48327937,  0.28342152,
       -0.74340412,  0.697771  , -0.14930143,  0.36338164,  0.80195888,
        0.05061159, -0.15203675]), 'result': 0.619942421992259, 'delta': -0.00922660552327268}
neuron 77 : {'weights': array([ 0.48870121, -0.94341167, -0.07271759, -0.24926985, -0.87255132,
        0.31636339,  0.50123957,  0.58936839,  0.38875847, -0.1814162 ,
        0.48677202,  0.9567172 , -0.79739783, -0.9497667 , -0.77399521,
       -0.85005476, -0.94724797,  0.29820431, -0.34444191,  0.8149564 ,
       -0.66700642,  0.13538783, -0.78155698, -0.5124235 , -0.78210712,
        0.28425893,  0.30119468,  1.02887382, -0.28110933,  0.16283223,
       -0.65825639,  0.70643209,  0.99399606,  0.51626789,  0.08584735,
        0.83256865,  0.42009397]), 'result': 0.7437487075892739, 'delta': 0.011517147787865925}
neuron 78 : {'weights': array([-0.39022063, -0.43361616,  0.2719082 ,  0.07923667,  0.74913241,
        0.5356515 ,  0.93815717, -0.05221413,  0.09904986, -0.11446741,
        0.90446323, -0.48603279, -0.73422982, -0.7544102 ,  0.08909787,
       -0.49364297,  0.89559373, -0.47002811, -0.59450352, -0.93146127,
        0.24998502,  0.7386712 , -0.9597051 ,  0.68441571, -0.72385315,
       -0.41863138,  0.52536872, -0.70613849,  0.50353673, -0.56197424,
       -0.76198049, -0.60061268, -0.56911033, -0.50492578, -0.32134964,
       -0.68341071, -0.18488611]), 'result': 0.7273640347864708, 'delta': 0.0012955937847207923}
neuron 79 : {'weights': array([-0.88851361,  0.3211509 ,  0.76101326, -0.50000288,  0.73049883,
       -0.39840351,  0.90632097,  0.60870202, -0.02013057,  0.74208041,
       -1.09742479,  0.29768886, -0.09160052,  0.32676798,  0.56582957,
        1.07862505,  0.58277542, -0.31449447, -0.06737204, -0.59991633,
       -0.69585548, -0.22508905,  0.16087484,  0.09136309, -0.22053233,
        0.12675819, -0.57369794,  0.5270427 ,  0.02949315, -0.61427108,
       -0.87302494,  0.20882448, -0.04195528, -0.45150967, -0.00869627,
       -0.47474724,  0.84478044]), 'result': 0.5413025628951844, 'delta': -0.018959165774835952}
neuron 80 : {'weights': array([ 0.04281604, -0.29615652,  0.93531068, -0.54473455,  0.46993262,
        0.13714071, -0.34808179,  0.04470309, -0.74988066, -0.13944871,
        0.93064743, -0.20372453,  0.96149324,  0.99996653, -0.83105618,
        0.10301474, -0.40568521, -0.6691916 ,  0.88490488, -0.79178689,
       -0.62057129, -0.3949725 ,  0.52794725,  0.20390331, -0.48908064,
       -0.5572238 ,  0.31326764, -0.74406618, -0.39427032,  0.22961283,
       -0.22883593,  0.31502248, -0.38298637, -0.46843525, -0.06752251,
        0.22906625, -0.94883966]), 'result': 0.10040526282031548, 'delta': 0.01568294771261045}
neuron 81 : {'weights': array([-0.0418953 , -0.0677447 , -0.18795235,  0.67894825, -0.79343522,
       -0.11820503,  0.08953522,  0.71680295, -0.59926997,  0.10710633,
        0.09176785, -0.70906927, -0.38690268, -0.56976821, -0.26679011,
       -0.33056764,  0.46320206, -0.81431478, -0.86761823,  0.82135966,
        0.04299307, -0.78656622, -0.67287593, -0.77113771,  0.13479092,
        0.62647141,  0.25645781,  0.06588247,  0.89640384,  0.32205289,
       -0.68503767, -0.69574439, -0.75423492, -0.49610646, -0.68492036,
        0.41849637,  0.30709382]), 'result': 0.445944056912303, 'delta': 0.025112523108891678}
neuron 82 : {'weights': array([ 0.0280893 , -0.17019968,  0.75585586,  0.09600975,  0.84728864,
       -0.14206184,  0.15624165, -0.83818327, -0.85516793,  0.3198656 ,
       -0.32197122,  0.53817929,  0.3790109 ,  0.44776764,  0.04368183,
        0.4432561 ,  0.04431463, -0.44164746, -0.5055062 ,  0.91368749,
        0.18989912, -0.49041884,  0.60562592, -0.86912498,  0.03692851,
        0.37418308, -0.68716354, -0.71372537, -0.86964759,  0.85406623,
        0.22505793, -0.8429863 , -0.22989288,  0.09389921,  0.72487782,
       -0.55296844, -0.40111115]), 'result': 0.28237585097219114, 'delta': -0.007781577608629086}
neuron 83 : {'weights': array([ 0.09417003,  0.08626942, -0.98169466, -0.26729105, -0.84473222,
        0.90232898,  0.0674217 ,  0.56300631,  0.87679235, -0.32616684,
       -0.78198369, -0.30738634,  0.14060943, -0.88499698, -0.03811517,
        0.14504715,  0.29733398, -0.92359503,  0.66434999, -0.24661759,
       -0.53021661, -0.62423254, -0.84481884,  0.62900371, -0.67709847,
       -0.00856638, -0.93156038, -0.86284971,  0.0089571 ,  0.69136646,
       -0.32035486,  0.83428505, -0.12941122,  0.42538731,  0.66377148,
        0.08489826,  0.06573171]), 'result': 0.07526995163358632, 'delta': 0.0035017927610590948}
neuron 84 : {'weights': array([-0.3084097 ,  0.13803313,  0.56545778,  0.62050403, -0.70703986,
        0.89764343, -0.23011432, -0.74929226, -0.08806823, -0.27299979,
       -0.41881427,  0.32543244, -0.55120859,  0.27689452, -0.36016739,
       -0.63040507,  0.62818279,  0.78395858, -0.92483553, -0.10820141,
       -0.49706644, -0.00170301,  0.38165909, -1.05158528, -0.34890983,
       -0.3769954 , -0.98496183, -0.89195814, -0.08072293,  0.6585641 ,
        0.06949337, -0.90486909, -0.76612445, -0.57761104, -0.32231225,
        0.67756019,  0.56391749]), 'result': 0.7732864603727012, 'delta': -0.042604053010723}
neuron 85 : {'weights': array([-0.86375525,  0.96348236, -0.11125442, -0.4503077 , -0.31521036,
        0.03602593, -0.3041176 ,  0.36870926,  0.12862381,  0.5191821 ,
       -0.33160276,  0.24075315,  0.52682107,  0.10671539,  0.25325505,
       -0.36540952, -0.28523722, -1.0868426 , -0.33041804, -0.81114286,
        0.22569899,  0.66658684, -0.82113162, -0.72137678, -0.06920923,
        0.51085963,  0.65619027,  0.10009791,  0.32514937,  0.46750756,
        0.28314063, -0.09222436, -0.01181702, -0.8818219 , -0.75605954,
       -0.92243346, -0.59818913]), 'result': 0.21777946607131546, 'delta': -0.016757240549767287}
neuron 86 : {'weights': array([-0.39429182,  0.35142795,  0.06888978, -0.12390017,  1.2029694 ,
        0.6410518 , -0.41839233,  1.0348003 ,  0.96134539,  0.41249072,
        0.92003759,  0.16040178,  0.68590899,  0.31724409,  0.03212289,
        0.23150457,  0.28137923, -1.23282683, -0.93391327,  0.54014436,
       -0.62505384, -0.55628687,  0.05947158, -0.30557559,  0.53944984,
       -0.69971745,  0.18490308, -0.49633801,  0.35371749,  0.61155827,
        0.05323343, -0.44437223, -0.88342006,  0.22756904,  0.3408804 ,
       -0.53654695, -0.532786  ]), 'result': 0.3972277675835347, 'delta': 0.002945243922908624}
neuron 87 : {'weights': array([-0.45942757,  0.33174764,  0.52123938, -0.37159622,  0.02881797,
        0.17817712,  0.07883338,  0.01469416, -0.79661167, -0.98591886,
       -0.88058959,  0.28691223,  0.27009494, -0.61024114,  0.07232364,
       -0.61824961,  0.15018918,  1.1101962 , -0.25309763, -0.69628161,
        0.3822145 ,  0.81480891, -0.16007652, -0.45473746,  0.57965088,
        0.45138852, -0.21581323, -0.06628168, -0.45263178,  0.08949446,
       -0.26985886, -0.83607357,  0.15377896,  0.34334045,  0.41564538,
        0.36497851, -0.69678214]), 'result': 0.546618082491665, 'delta': 0.024928289520691226}
neuron 88 : {'weights': array([ 0.69873238,  0.7791537 ,  0.91320303, -0.47243797,  1.04922994,
        0.53884977,  0.94367611,  0.37395655, -0.90559417,  0.2985566 ,
       -0.88788595,  0.88699581, -0.83497865, -0.43197549,  0.02278007,
        0.95486472,  0.20985385, -0.41864271, -0.83108869,  0.79704226,
        0.29534214,  0.32770468,  0.33243653,  0.22022525, -0.2719464 ,
       -0.66765368, -0.4116662 ,  0.62764103, -0.66578105, -0.30119648,
       -0.67297291,  0.90324894,  0.07684543, -0.6322796 , -0.40208641,
       -0.61581194,  0.27906637]), 'result': 0.5992881872859468, 'delta': 0.009784981490719397}
neuron 89 : {'weights': array([-0.9470155 ,  0.99848785,  0.75998895, -0.09354306,  0.18020535,
       -0.31734918, -0.60527529, -0.81223912,  0.40712296, -0.39230988,
       -0.87670586, -0.81743936, -0.45761047,  0.84737937, -0.51005424,
       -0.5490826 ,  0.91509291,  0.00864335, -0.11537707,  0.65501852,
       -0.88419488,  0.31893337,  0.10400857,  0.50059627, -0.4820556 ,
        0.2692861 , -0.67673914, -0.35092441,  0.80570464,  0.89165804,
       -0.01846144,  0.00251082,  0.91305047, -0.1424401 , -0.63092442,
       -0.91311637, -0.19432251]), 'result': 0.6362411745673553, 'delta': 0.015883113298350664}
neuron 90 : {'weights': array([ 0.96718331,  0.65993991, -0.01133498, -0.68624754, -0.83033257,
       -0.64960855, -0.64038315,  0.74856896,  0.79877805, -0.02267685,
        0.34108256, -0.74361887,  0.52411002,  0.17248329, -0.16349379,
       -0.7929134 ,  0.60445456,  0.79120736, -0.29877596,  0.95430134,
        0.41904161,  0.41044879, -0.10486027,  0.60544297,  0.58650465,
        0.09463766, -0.92637246, -0.12358454,  0.9352402 ,  0.47563332,
       -0.63203619,  0.72482996,  0.13383167,  0.52751951, -0.54057541,
        0.97992396,  0.59974354]), 'result': 0.8910695181758868, 'delta': -0.011695271322091928}
neuron 91 : {'weights': array([-0.19648239, -0.65581144,  0.53261159,  0.09200982,  0.43268602,
       -0.5119406 , -0.26969829,  0.75216188, -0.58998436,  0.85490782,
        0.73032589, -0.67738527,  0.05362519,  0.89964987, -0.92613833,
       -0.46236832,  0.47648707,  0.86313355, -0.92840184,  0.99892125,
        0.97032246, -0.69919878,  0.28175981, -0.14899252,  0.60459363,
       -0.22818587, -0.37931298, -0.57256845, -0.42499848, -0.65925497,
       -0.60490755, -0.69320316,  0.39675671,  0.70585358,  0.27369422,
        0.29431682, -0.81142728]), 'result': 0.3892191637296663, 'delta': -0.037358309726248956}
neuron 92 : {'weights': array([ 0.84174082,  0.90558821,  0.16562665, -0.32826896, -0.13031175,
       -0.11440573,  0.16258191,  0.06803707, -0.26570313,  0.25331233,
        0.40089505, -0.43215322,  0.55023525, -0.83677167,  0.57385349,
       -0.42332321,  0.13551902,  0.98021214, -0.95138101, -0.31743355,
        0.90733018, -0.86629137, -0.34189506,  0.43352779,  0.73245893,
        0.76409606,  0.93455328,  0.8973375 ,  0.04128427, -0.47002717,
       -0.3545933 ,  0.11826689, -0.04787844, -0.3144397 ,  0.86279151,
        0.81333119,  0.70714531]), 'result': 0.8105568784515835, 'delta': 0.017032500335302417}
neuron 93 : {'weights': array([ 0.102625  , -0.807825  ,  0.84453326, -0.75729486,  0.79007048,
        0.43307681, -0.43896113,  0.92316675, -0.77589638, -0.34971   ,
       -0.87645366, -0.25421455,  0.66055448, -0.03250534, -0.7236356 ,
       -0.17036097, -0.98176914, -0.20595253,  0.52361134,  0.85559526,
        0.22833779, -0.28575913, -0.95461407, -0.21221409, -0.92080146,
        0.5690104 ,  0.30161675, -0.9812531 , -0.98916926, -0.49310877,
       -0.04619324,  0.81219607, -0.76158188, -0.10794203, -0.95161862,
       -0.07201386, -0.71723613]), 'result': 0.011435594789030121, 'delta': -0.007291344398424963}
neuron 94 : {'weights': array([ 0.19519954,  0.76239529,  0.31414163,  0.71420033, -0.85882125,
       -0.93641934,  0.18193024,  0.56600407,  0.57416443, -0.57473722,
        0.40715984, -0.40922091, -0.51230903, -0.28694556, -0.33500046,
        0.89107744,  0.21208084,  1.01082445,  0.83679587, -0.72244528,
        0.45327614, -0.67835754,  0.07588269, -0.7485125 ,  0.01688616,
       -0.84649792,  0.88181928,  0.06725531, -0.0689532 ,  0.0076653 ,
        0.08828847,  0.27086209, -0.80650235,  0.21634626,  0.48504306,
        0.01695161,  0.28495883]), 'result': 0.7630983699289595, 'delta': -0.03549637180837157}
neuron 95 : {'weights': array([ 0.47944296,  0.93811517,  0.49149802, -0.30713786,  0.57903508,
        0.39998796, -0.98607701, -0.68747309, -0.36605734, -0.78247268,
        0.14490832, -0.03835539, -0.19097807, -0.98217152, -0.28343293,
        0.17462222,  0.47133802, -0.09324948, -0.40653853, -0.6001646 ,
       -0.24510612,  0.17453142,  0.70702732,  0.67013742,  0.1190312 ,
        0.45611295,  0.62873763, -0.28352855,  0.28114943,  0.37407864,
        0.97348855, -0.69292128,  0.3651634 ,  0.48575142, -0.84976981,
       -0.86748526,  0.34355307]), 'result': 0.7068322636305779, 'delta': -0.018203192886226988}
neuron 96 : {'weights': array([-0.11135251,  0.53540429, -0.1511821 , -0.46989302,  0.29282347,
        1.09239919,  1.03618046, -0.52908285, -0.31273938,  0.64089633,
       -1.06371116,  0.03917067, -0.27559325,  0.64660615, -0.35942405,
        0.4830514 ,  0.08448342, -1.18911946,  0.05097056,  0.3972935 ,
        0.85909133,  0.49469437,  0.85663117,  0.08739297,  0.00303742,
        0.27847246, -0.67839909,  0.53134685, -0.76845428,  0.77435227,
        0.42282676,  0.35919907, -0.36520137, -0.7040826 , -0.78464595,
       -0.24174162,  0.86238017]), 'result': 0.6884161235735377, 'delta': -0.008048893223734576}
neuron 97 : {'weights': array([ 0.05108338,  0.61889506, -0.07161573,  0.64685179,  0.29186839,
       -0.77326099,  0.43546751,  0.68481461, -0.5537527 , -0.14081706,
        0.21282175, -0.29673033,  0.28480439, -0.49696658,  0.63253618,
        0.63734657,  0.15292208,  0.09618402,  0.60574201, -0.40037759,
        0.48071777,  0.60135728, -0.66804799, -0.40514796,  0.89160372,
        0.51104197,  0.84838547,  0.44171339,  0.58246056,  0.13811503,
       -0.78056834,  0.75076031, -0.43024198, -0.76253309,  0.29300528,
       -0.89904242,  0.70467735]), 'result': 0.9487087445433053, 'delta': 0.023396993827169532}
neuron 98 : {'weights': array([-0.52941375, -0.93042845,  0.19435332, -0.84595534, -1.01521221,
       -0.5879958 , -0.35593848,  0.30187132,  0.61250877, -0.57623617,
        0.85321059,  0.81313207, -0.33103011, -0.46953828,  0.1803966 ,
       -0.89195824,  0.10475766,  0.27937643,  0.1829304 ,  0.64742028,
        0.59995217, -0.44632921, -0.23164109,  0.37691532,  0.85334335,
       -0.13977992, -0.25484905,  0.36359462,  0.73899476,  0.91619985,
       -0.71333472,  0.07285959, -0.70286997, -0.76024691,  0.49106525,
       -0.88609501,  0.21943214]), 'result': 0.7337280006347421, 'delta': 0.017114265751286783}
neuron 99 : {'weights': array([-0.07379289,  0.44107651,  0.73186773, -0.86989858, -0.93470649,
       -0.4536437 , -0.91387941,  0.56930479,  0.03247367, -1.03397923,
       -0.27699388, -0.35597293,  0.40240588, -0.18478103, -0.6627053 ,
        0.57814805,  0.51535066, -0.18524852,  0.0374195 , -0.2611869 ,
        0.78423266, -0.45352637,  0.40847131, -0.10553841,  0.35893357,
        0.85146377,  0.62747856, -0.61707438,  0.07494879, -0.53715106,
        0.48046979, -0.6508066 , -0.22324526, -0.70726862, -0.31005194,
       -0.41023011, -0.94907251]), 'result': 0.024375097008060963, 'delta': 0.000846403574940404}
neuron 100 : {'weights': array([-0.27850632, -0.12822904, -0.40643139,  0.71630951, -0.60073492,
        0.7216445 ,  0.0753704 , -0.86143864,  0.11247846,  0.84055224,
        0.57939582, -0.6121944 ,  0.91328964,  0.40864871, -0.57409582,
       -0.67149585,  0.12080362, -0.00230786, -0.69445169, -0.05124229,
        0.86731562,  0.65984199, -0.69082961,  0.29875263, -0.39869361,
        0.97036547, -0.72047809, -0.27561438, -0.11276333,  0.70001304,
       -0.79603546, -0.66626545,  0.0475706 ,  0.07520205,  0.06954425,
       -0.11468108,  0.29729095]), 'result': 0.9053619007525175, 'delta': 0.02885383688855556}
Layer 2 
neuron 1 : {'weights': array([ 0.12667562,  0.27878989, -0.16290449, -0.63467269, -0.2810238 ,
        0.71894646, -0.78534618,  0.12694968, -0.13837444,  0.29770804,
       -0.71686895, -0.38380131, -0.33595944, -0.61731601,  0.34662629,
       -0.8094004 ,  1.30541361, -0.84243272,  0.4470572 ,  0.35805828,
       -0.87780122, -0.32411695,  0.72379568, -0.42098157,  0.31963884,
       -0.00753283,  0.29625433, -0.45419531,  0.89103608, -0.219925  ,
        0.51803332,  0.71776929, -0.20783147, -0.51142103, -0.53465049,
        0.41489128, -0.4400312 , -0.82276859,  0.49152172, -0.70264698,
        0.83449546,  0.38133582, -0.01941291,  0.03538551,  0.6050659 ,
       -0.33289358, -0.60179897, -0.57948749,  0.6318171 ,  0.61343954,
        0.49253125,  1.05129609, -1.29663   , -0.22963855,  0.51595534,
       -0.51989017,  1.02914413, -0.11882144, -0.39060452,  0.17142501,
       -0.55664525, -0.36800167, -0.51125505,  1.12282067,  0.10093527,
        0.6150563 ,  0.30921582,  0.18359961, -0.39644238,  0.48298458,
        0.09371298,  0.07870553, -0.07646554,  0.72655857, -0.06626593,
        0.1893966 ,  0.79349837, -0.8622948 , -0.28419431,  0.59393106,
       -0.08106229, -0.98274742,  0.37727302,  1.13158308, -0.60753494,
       -1.33625851,  1.24450895, -0.89938805,  0.99200569, -0.18412652,
       -0.64375533,  0.04601601,  0.52068873,  0.46438755, -0.08855906,
       -1.11902253, -0.3829346 ,  1.18146601,  0.88312572, -0.52982276]), 'result': 0.9084631734819624, 'delta': 0.02357859160810554}
neuron 2 : {'weights': array([ 0.71309368, -0.16951712,  0.54695478, -0.47038185,  0.00291519,
       -0.10114089, -0.7568808 ,  0.79679459, -0.63711803,  0.60075447,
       -0.33144908, -0.31688875, -0.52029047,  0.4359233 , -0.9372941 ,
        0.38483293,  0.58553999, -0.27718378,  1.04046377, -0.2858307 ,
       -0.06433983, -0.68994851, -0.14710589, -0.89409301, -0.56917391,
        0.32565315,  0.49985586, -0.11629062, -0.63003542,  0.51815426,
       -0.68830182, -0.72810683, -0.29427513, -0.17670201,  0.44733113,
       -0.14960196, -0.65329568, -0.26988319, -0.59501582,  0.71859419,
        0.80997099, -0.50594288,  0.15353652,  0.49685215, -0.23699222,
       -0.77817101,  0.47370704, -0.05864265, -0.52510082, -0.37064115,
        0.1036735 ,  0.52754856, -0.33410815,  0.20175517,  0.7175166 ,
       -0.27904466,  0.32963477,  0.05797409,  0.2801649 , -0.87869951,
       -1.08692432,  0.18905587, -0.54873389,  0.60044097,  0.29482192,
       -0.80817289,  0.68011137,  0.42362787,  0.08833013, -0.57765885,
       -0.54955005, -0.59851624,  0.09786677, -0.73834467, -0.32162352,
       -0.54449644,  0.32924697,  0.08770598, -0.5582149 ,  0.65564447,
        0.53975708, -0.13118323,  0.41353655, -1.13177975, -0.3316144 ,
        0.61009426,  0.45005812,  0.67549823,  0.47776374, -0.79974111,
       -0.7642093 ,  0.84603853, -0.76080926, -1.06975476, -0.64938447,
        0.06982836,  0.76754555,  0.26982338, -0.00451973,  0.92583238]), 'result': 0.10447675017289437, 'delta': 0.18696375371757004}
neuron 3 : {'weights': array([-1.07054671, -0.09879628, -0.64649266, -0.67380994, -0.16763036,
       -0.09239044,  0.12583042,  0.61104172,  0.70337045, -0.25367656,
       -0.82184203, -1.32004653, -0.94031246,  0.0316775 ,  0.74005299,
       -0.22083615,  0.36855607,  0.45568925,  0.48900038,  0.50652116,
        0.75768916,  0.14333459,  0.68722254, -0.08584408,  1.10556601,
        0.62128498, -0.99672827, -0.10054425, -0.82112485, -0.83720389,
        0.74475635,  0.21553071,  0.5583278 , -0.51643982,  0.3437136 ,
       -0.09098522,  0.06581613,  0.70963227,  0.13067297,  0.40660934,
        0.71734269,  0.21170566,  0.12591616, -0.09748204,  0.09473616,
       -0.72595281,  0.18168362,  0.36515611,  0.63717036, -0.67222697,
       -0.14113636, -0.08678452,  0.20022693, -0.55088282,  0.22789981,
        0.85464604, -0.71463207, -0.90520139, -0.61135031,  0.85405608,
        0.33146271, -0.98835771,  1.0334815 ,  0.27124721, -0.57324322,
        0.79545915, -0.8797806 ,  0.40516477, -0.31553084, -0.88057412,
        0.04071064, -0.15330187,  0.81317106, -0.17250485, -0.09810243,
       -0.98847407,  0.19718195, -0.22418479,  0.93588908,  1.02128954,
       -0.02723507,  0.21042146,  0.66305431, -0.22012579,  0.41413792,
        1.29753226, -0.05428587,  0.69429634, -0.20097264, -0.57468186,
        0.11342952, -0.59269048,  0.63782645, -0.66426924, -0.78578229,
        0.83229737, -0.6592714 , -0.51568317, -0.32563928, -0.04188174]), 'result': 0.028231917860521205, 'delta': -0.053625347337739826}
