Id,predicted_class
1,1
2,1
3,1
4,3
5,1
6,1
7,3
8,1
9,1
10,3
11,1
12,2
13,1
14,3
15,3
16,1
17,1
18,3
19,3
20,1
21,2
22,2
23,3
24,3
25,1
26,1
27,1
28,1
29,3
30,3
31,3
32,2
33,3
34,1
35,1
36,3
37,3
38,3
39,3
40,1
41,1
42,1
43,1
44,1
45,3
46,3
47,1
48,1
49,2
50,3
51,3
52,1
53,1
54,1
55,1
56,3
57,2
58,3
59,1
60,1
61,3
62,1
63,1
64,1
65,1
66,1
67,1
68,1
69,3
70,3
71,1
72,2
73,1
74,1
75,1
76,1
77,1
78,3
79,1
80,1
81,1
82,3
83,1
84,1
85,3
86,1
87,3
88,1
89,1
90,1
91,3
92,3
93,1
94,3
95,2
96,1
97,3
98,1
99,3
100,3
101,1
102,1
103,1
104,3
105,3
106,1
107,1
108,1
109,1
110,1
111,1
112,3
113,1
114,1
115,2
116,3
117,1
118,3
119,1
120,1
121,1
122,2
123,1
124,1
125,3
126,1
127,3
128,3
129,1
130,1
131,1
132,1
133,1
134,3
135,1
136,2
137,1
138,3
139,1
140,1
141,1
142,1
143,3
144,1
145,1
146,3
147,1
148,1
149,1
150,3
151,1
152,1
153,1
154,1
155,1
156,3
157,2
158,3
159,3
160,1
161,1
162,1
163,1
164,1
165,1
166,3
167,1
168,3
169,1
170,3
171,3
172,1
173,3
174,3
175,1
176,1
177,1
178,3
179,3
180,3
181,3
182,1
183,1
184,3
185,1
186,1
187,1
188,1
189,1
190,3
191,3
192,3
193,3
194,1
195,1
196,3
197,2
198,1
199,1
200,3
201,3
202,1
203,1
204,3
205,3
206,1
207,1
208,3
209,3
210,1
211,3
212,1
213,1
214,3
215,1
216,3
217,3
218,1
219,1
220,1
221,3
222,1
223,3
224,1
225,3
226,3
227,1
228,3
229,1
230,1
231,1
232,1
233,3
234,1
235,1
236,3
237,1
238,3
239,1
240,3
241,1
242,1
243,3
244,1
245,3
246,3
247,1
248,3
249,1
250,3
251,3
252,1
253,3
254,1
255,1
256,1
257,3
258,1
259,1
260,1
261,1
262,1
263,3
264,3
265,3
266,3
267,3
268,2
269,1
270,1
271,1
272,3
273,1
274,1
275,1
276,1
277,2
278,3
279,1
280,3
281,3
282,1
283,2
284,1
285,1
286,1
287,1
288,1
289,3
290,3
291,1
292,3
293,1
294,1
295,3
296,2
297,1
298,1
299,1
300,3
301,1
302,3
303,1
304,1
305,3
306,1
307,3
308,3
309,1
310,1
311,3
312,3
313,1
314,1
315,1
316,1
317,3
318,1
319,1
320,3
321,3
322,1
323,1
324,1
325,3
326,1
327,1
328,1
329,1
330,1
331,3
332,3
333,1
334,1
335,3
336,1
337,1
338,3
339,1
340,1
341,1
342,1
343,1
344,3
345,1
346,1
347,1
348,2
349,3
350,3
351,2
352,1
353,3
354,1
355,2
356,1
357,3
358,3
359,1
360,1
361,1
362,1
363,1
364,1
365,3
366,3
367,1
368,1
369,1
370,1
371,1
372,3
373,3
374,3
375,1
376,1
377,3
378,1
379,3
380,1
381,3
382,1
383,1
384,1
385,1
386,1
387,1
388,1
389,1
390,1
391,2
392,1
393,3
394,1
395,1
396,3
397,1
398,1
399,3
400,1
401,1
402,3
403,1
404,3
405,1
406,1
407,3
408,1
409,1
410,1
411,1
412,1
413,3
414,1
415,1
416,1
417,1
418,1
419,3
420,1
421,1
422,1
423,1
424,3
425,1
426,1
427,1
428,3
429,3
430,3
431,3
432,3
433,1
434,3
435,1
436,3
437,1
438,1
439,1
440,1
441,1
442,3
443,1
444,1
445,3
446,1
447,3
448,1
449,1
450,1
451,1
452,1
453,3
454,1
455,3
456,1
457,3
458,2
459,1
460,3
461,1
462,1
463,1
464,3
465,1
466,3
467,3
468,3
469,1
470,3
471,1
472,2
473,1
474,1
475,1
476,1
477,1
478,3
479,1
480,1
481,1
482,1
483,1
484,1
485,1
486,1
487,1
488,3
489,3
490,1
491,3
492,1
493,1
494,1
495,1
496,1
497,3
498,1
499,2
500,1
501,3
502,1
503,3
504,1
505,1
506,3
507,1
508,3
509,1
510,3
511,1
512,1
513,1
514,3
515,2
516,1
517,1
518,1
519,1
520,1
521,2
522,1
523,3
524,2
525,1
526,3
527,3
528,1
529,3
530,3
531,3
532,1
533,1
534,3
535,3
536,1
537,3
538,1
539,3
540,3
541,1
542,3
543,3
544,1
545,3
546,1
547,1
548,3
549,1
550,1
551,1
552,3
553,3
554,1
555,3
556,1
557,3
558,3
559,3
560,1
561,2
562,1
563,1
564,2
565,1
566,1
567,3
568,1
569,1
570,1
571,1
572,1
573,1
574,3
575,1
576,3
577,1
578,1
579,3
580,2
581,1
582,1
583,3
584,3
585,1
586,1
587,1
588,3
589,1
590,1
591,3
592,1
593,1
594,2
595,1
596,3
597,1
598,1
599,3
600,3
601,1
602,1
603,1
604,1
605,3
606,3
607,1
608,1
609,1
610,1
611,1
612,1
613,1
614,1
615,3
616,1
617,3
618,3
619,1
620,1
621,1
622,1
623,1
624,1
625,1
626,3
627,2
628,1
629,1
630,3
631,1
632,1
633,3
634,3
635,1
636,3
637,3
638,1
639,1
640,1
641,3
642,1
643,1
644,1
645,1
646,1
647,1
648,1
649,1
650,1
651,1
652,3
653,3
654,3
655,1
656,1
657,3
658,3
659,1
660,1
661,1
662,3
663,1
664,3
665,1
666,1
667,1
668,2
669,1
670,1
671,1
672,1
673,1
674,3
675,3
676,1
677,1
678,1
679,3
680,3
681,3
682,1
683,1
684,1
685,1
686,1
687,1
688,1
689,1
690,1
691,1
692,1
693,1
694,1
695,1
696,1
697,3
698,1
699,1
700,2
701,1
702,2
703,3
704,3
705,1
706,1
707,1
708,1
709,1
710,1
711,3
712,1
713,1
714,1
715,1
716,1
717,1
718,1
719,1
720,1
721,1
722,3
723,1
724,1
725,3
726,1
727,1
728,1
729,1
730,1
731,1
732,3
733,3
734,2
735,1
736,3
737,3
738,1
739,1
740,1
741,1
742,1
743,1
744,1
745,1
746,1
747,1
748,3
749,1
750,2
751,1
752,1
753,1
754,3
755,1
756,3
757,3
758,1
759,1
760,1
761,1
762,1
763,2
764,1
765,1
766,1
767,3
768,1
769,3
770,3
771,3
772,3
773,3
774,1
775,1
776,1
777,1
778,1
779,3
780,1
781,3
782,1
783,1
784,1
785,3
786,1
787,2
788,2
789,1
790,1
791,1
792,1
793,3
794,2
795,1
796,3
797,1
798,3
799,1
800,3
801,1
802,3
803,1
804,2
805,3
806,1
807,2
808,1
809,3
810,3
811,1
812,1
813,3
814,1
815,1
816,1
817,1
818,3
819,3
820,3
821,1
822,1
823,3
824,1
825,1
826,1
827,3
828,1
829,1
830,1
831,1
832,2
833,3
834,1
835,1
836,3
837,1
838,1
839,1
840,3
841,1
842,1
843,3
844,3
845,1
846,1
847,1
848,1
849,1
850,1
851,1
852,3
853,1
854,1
855,3
856,1
857,3
858,1
859,1
860,3
861,1
862,1
863,1
864,2
865,3
866,1
867,2
868,1
869,1
870,1
871,1
872,1
873,1
874,2
875,3
876,3
877,3
878,1
879,1
880,3
881,1
882,1
883,1
884,3
885,3
886,3
887,3
888,1
889,3
890,3
891,1
892,3
893,1
894,1
895,3
896,3
897,1
898,1
899,3
900,1
901,1
902,3
903,1
904,1
905,3
906,1
907,3
908,1
909,1
910,1
911,1
912,1
913,1
914,1
915,1
916,2
917,1
918,1
919,1
920,3
921,1
922,2
923,3
924,1
925,1
926,1
927,1
928,1
929,1
930,1
931,2
932,1
933,1
934,3
935,1
936,3
937,1
938,1
939,1
940,1
941,2
942,1
943,1
944,3
945,3
946,3
947,2
948,1
949,1
950,3
951,3
952,1
953,1
954,3
955,1
956,1
957,1
958,1
959,2
960,1
961,1
962,1
963,3
964,1
965,1
966,1
967,2
968,3
969,1
970,1
971,1
972,3
973,1
974,1
975,3
976,1
977,3
978,3
979,1
980,3
981,1
982,3
983,1
984,1
985,3
986,1
987,1
988,1
989,3
990,3
991,3
992,1
993,3
994,1
995,3
996,2
997,3
998,3
999,1
1000,3
1001,1
1002,1
1003,3
1004,3
1005,1
1006,1
1007,1
1008,2
1009,3
1010,2
1011,1
1012,3
1013,1
1014,3
1015,3
1016,1
1017,1
1018,1
1019,1
1020,3
1021,1
1022,3
1023,3
1024,3
1025,1
1026,3
1027,1
1028,1
1029,3
1030,1
1031,1
1032,3
1033,3
1034,1
1035,1
1036,1
1037,3
1038,1
1039,1
1040,3
1041,1
1042,3
1043,1
1044,1
1045,1
1046,3
1047,1
1048,1
1049,3
1050,2
1051,3
1052,1
1053,1
1054,3
1055,1
1056,3
1057,1
1058,1
1059,1
1060,1
1061,1
1062,3
1063,1
1064,1
1065,1
1066,1
1067,3
1068,1
1069,1
1070,1
1071,1
1072,1
1073,1
1074,1
1075,1
1076,1
1077,1
1078,1
1079,1
1080,3
1081,2
1082,3
1083,1
1084,1
1085,1
1086,3
1087,3
1088,1
1089,1
1090,1
1091,1
1092,1
1093,1
1094,1
1095,1
1096,3
1097,3
1098,1
1099,1
1100,1
1101,1
1102,1
1103,3
1104,1
1105,1
1106,1
1107,3
1108,1
1109,1
1110,1
1111,1
1112,1
1113,3
1114,1
1115,1
1116,3
1117,3
1118,1
1119,1
1120,3
1121,1
1122,1
1123,1
1124,1
1125,1
1126,1
1127,3
1128,1
1129,1
1130,3
1131,3
1132,3
1133,1
1134,3
1135,3
1136,2
1137,1
1138,1
1139,3
1140,1
1141,3
1142,1
1143,1
1144,1
1145,3
1146,1
1147,3
1148,3
1149,3
1150,1
1151,1
1152,1
1153,2
1154,1
1155,1
1156,1
1157,1
1158,2
1159,3
1160,2
1161,1
1162,3
1163,3
1164,1
1165,1
1166,1
1167,1
1168,3
1169,1
1170,2
1171,3
1172,2
1173,1
1174,3
1175,3
1176,1
1177,1
1178,1
1179,3
1180,1
1181,3
1182,3
1183,1
1184,3
1185,3
1186,1
1187,3
1188,1
1189,1
1190,1
1191,1
1192,1
1193,1
1194,1
1195,3
1196,1
1197,1
1198,3
1199,1
1200,2
1201,2
1202,1
1203,3
1204,3
1205,1
1206,3
1207,3
1208,3
1209,1
1210,2
1211,1
1212,1
1213,3
1214,3
1215,1
1216,1
1217,1
1218,1
1219,2
1220,1
1221,3
1222,3
1223,3
1224,1
1225,1
1226,1
1227,1
1228,3
1229,1
1230,3
1231,1
1232,1
1233,1
1234,1
1235,1
1236,1
1237,1
1238,1
1239,3
1240,3
1241,2
1242,1
1243,3
1244,3
1245,3
1246,1
1247,3
1248,1
1249,1
1250,1
1251,2
1252,1
1253,3
1254,1
1255,1
1256,3
1257,3
1258,1
1259,1
1260,3
1261,3
1262,1
1263,1
1264,3
1265,1
1266,1
1267,1
1268,2
1269,1
1270,3
1271,1
1272,1
1273,1
1274,1
1275,1
1276,1
1277,3
1278,2
1279,1
1280,1
1281,3
1282,3
1283,3
1284,1
1285,1
1286,3
1287,1
1288,1
1289,1
1290,2
1291,1
1292,1
1293,3
1294,1
1295,3
1296,1
1297,1
1298,1
1299,3
1300,1
1301,2
1302,2
1303,1
1304,3
1305,2
1306,1
1307,3
1308,1
1309,2
1310,3
1311,1
1312,1
1313,1
1314,3
1315,1
1316,1
1317,1
1318,1
1319,1
1320,3
1321,1
1322,3
1323,1
1324,3
1325,1
1326,1
1327,3
1328,3
1329,1
1330,1
1331,1
1332,1
1333,1
1334,1
1335,3
1336,3
1337,1
1338,3
1339,1
1340,1
1341,1
1342,3
1343,1
1344,1
1345,1
1346,3
1347,3
1348,2
1349,1
1350,3
1351,1
1352,1
1353,1
1354,3
1355,3
1356,1
1357,1
1358,1
1359,3
1360,1
1361,1
1362,3
1363,3
1364,1
1365,1
1366,1
1367,3
1368,1
1369,1
1370,3
1371,1
1372,1
1373,1
1374,1
1375,3
1376,1
1377,1
1378,2
1379,1
1380,3
1381,3
1382,1
1383,3
1384,1
1385,1
1386,1
1387,1
1388,1
1389,1
1390,1
1391,3
1392,1
1393,1
1394,3
1395,1
1396,1
1397,2
1398,1
1399,1
1400,3
1401,1
1402,3
1403,1
1404,3
1405,1
1406,1
1407,1
1408,1
1409,3
1410,3
1411,1
1412,3
1413,1
1414,3
1415,3
1416,1
1417,1
1418,2
1419,1
1420,1
1421,1
1422,1
1423,1
1424,1
1425,3
1426,1
1427,1
1428,2
1429,3
1430,1
1431,1
1432,1
1433,1
1434,1
1435,1
1436,1
1437,1
1438,1
1439,1
1440,1
1441,1
1442,1
1443,1
1444,1
1445,1
1446,1
1447,2
1448,1
1449,1
1450,3
1451,1
1452,1
1453,1
1454,1
1455,1
1456,3
1457,1
1458,3
1459,1
1460,1
1461,1
1462,1
1463,1
1464,3
1465,1
1466,1
1467,1
1468,3
1469,3
1470,1
1471,1
1472,3
1473,1
1474,1
1475,2
1476,1
1477,1
1478,1
1479,1
1480,1
1481,1
1482,1
1483,1
1484,1
1485,1
1486,3
1487,1
1488,1
1489,1
1490,3
1491,3
1492,1
1493,1
1494,1
1495,3
1496,1
1497,3
1498,3
1499,1
1500,1
1501,1
1502,1
1503,1
1504,1
1505,3
1506,1
1507,3
1508,3
1509,3
1510,1
1511,3
1512,3
1513,1
1514,1
1515,1
1516,3
1517,1
1518,1
1519,1
1520,1
1521,1
1522,3
1523,3
1524,3
1525,1
1526,3
1527,1
1528,3
1529,1
1530,3
1531,3
1532,1
1533,3
1534,3
1535,3
1536,3
1537,1
1538,3
1539,1
1540,1
1541,1
1542,1
1543,3
1544,3
1545,1
1546,1
1547,3
1548,1
1549,3
1550,3
1551,1
1552,1
1553,1
1554,1
1555,3
1556,1
1557,1
1558,3
1559,3
1560,1
1561,1
1562,3
1563,1
1564,1
1565,3
1566,1
1567,3
1568,2
1569,1
1570,1
1571,1
1572,1
1573,1
1574,3
1575,1
1576,3
1577,3
1578,1
1579,1
1580,3
1581,3
1582,1
1583,1
1584,3
1585,1
1586,3
1587,3
1588,3
1589,3
1590,1
1591,1
1592,1
1593,3
1594,3
1595,1
1596,1
1597,1
1598,3
1599,1
1600,2
1601,3
1602,3
1603,1
1604,1
1605,1
1606,2
1607,1
1608,1
1609,1
1610,3
1611,3
1612,3
1613,1
1614,1
1615,3
1616,1
1617,1
1618,3
1619,1
1620,3
1621,1
1622,1
1623,2
1624,1
1625,1
1626,1
1627,1
1628,3
1629,1
1630,1
1631,3
1632,2
1633,3
1634,1
1635,1
1636,3
1637,3
1638,3
1639,3
1640,1
1641,2
1642,1
1643,1
1644,1
1645,1
1646,1
1647,3
1648,3
1649,1
1650,3
1651,1
1652,3
1653,1
1654,1
1655,1
1656,1
1657,1
1658,1
1659,1
1660,1
1661,3
1662,3
1663,1
1664,1
1665,1
1666,1
1667,3
1668,1
1669,3
1670,1
1671,1
1672,1
1673,3
1674,1
1675,1
1676,1
1677,1
1678,1
1679,1
1680,2
1681,1
1682,1
1683,3
1684,1
1685,3
1686,3
1687,3
1688,3
1689,1
1690,3
1691,3
1692,3
1693,1
1694,3
1695,2
1696,3
1697,1
1698,3
1699,1
1700,1
1701,1
1702,2
1703,1
1704,1
1705,1
1706,1
1707,1
1708,1
1709,3
1710,2
1711,2
1712,1
1713,1
1714,2
1715,3
1716,3
1717,1
1718,1
1719,1
1720,1
1721,3
1722,1
1723,3
1724,1
1725,1
1726,1
1727,1
1728,1
1729,1
1730,2
1731,1
1732,3
1733,1
1734,1
1735,1
1736,3
1737,1
1738,1
1739,1
1740,1
1741,1
1742,3
1743,2
1744,1
1745,1
1746,1
1747,1
1748,3
1749,3
1750,3
1751,3
1752,1
1753,1
1754,1
1755,1
1756,3
1757,1
1758,1
1759,3
1760,1
1761,3
1762,3
1763,1
1764,1
1765,1
1766,3
1767,1
1768,3
1769,2
1770,1
1771,2
1772,1
1773,1
1774,1
1775,3
1776,1
1777,2
1778,2
1779,1
1780,3
1781,1
1782,3
1783,1
1784,1
1785,1
1786,1
1787,1
1788,1
1789,3
1790,3
1791,1
1792,1
1793,1
1794,1
1795,1
1796,3
1797,1
1798,2
1799,1
1800,1
1801,1
1802,3
1803,2
1804,3
1805,1
1806,3
1807,3
1808,1
1809,1
1810,1
1811,1
1812,1
1813,1
1814,2
1815,3
1816,1
1817,3
1818,3
1819,1
1820,2
1821,1
1822,3
1823,1
1824,3
1825,1
1826,1
1827,2
1828,3
1829,1
1830,1
1831,3
1832,1
1833,1
1834,3
1835,3
1836,1
1837,1
1838,1
1839,1
1840,1
1841,3
1842,1
1843,1
1844,3
1845,1
1846,1
1847,1
1848,3
1849,3
1850,1
1851,3
1852,1
1853,1
1854,1
1855,3
1856,3
1857,3
1858,1
1859,3
1860,3
1861,3
1862,3
1863,1
1864,1
1865,1
1866,1
1867,1
1868,3
1869,1
1870,3
1871,2
1872,1
1873,3
1874,1
1875,1
1876,1
1877,3
1878,1
1879,3
1880,3
1881,2
1882,1
1883,1
1884,1
1885,3
1886,3
1887,3
1888,3
1889,3
1890,1
1891,3
1892,1
1893,1
1894,3
1895,1
1896,1
1897,1
1898,1
1899,3
1900,1
1901,1
1902,3
1903,1
1904,1
1905,1
1906,3
1907,1
1908,2
1909,1
1910,1
1911,1
1912,3
1913,3
1914,1
1915,1
1916,1
1917,1
1918,1
1919,1
1920,1
1921,3
1922,1
1923,1
1924,1
1925,3
1926,1
1927,1
1928,1
1929,1
1930,1
1931,1
1932,1
1933,3
1934,1
1935,3
1936,1
1937,3
1938,3
1939,3
1940,1
1941,3
1942,3
1943,3
1944,2
1945,3
1946,3
1947,1
1948,1
1949,1
1950,3
1951,3
1952,3
1953,1
1954,1
1955,1
1956,3
1957,1
1958,1
1959,2
1960,1
1961,1
1962,3
1963,3
1964,1
1965,1
1966,3
1967,1
1968,1
1969,3
1970,1
1971,3
1972,3
1973,1
1974,1
1975,1
1976,2
1977,3
1978,2
1979,3
1980,1
1981,1
1982,1
1983,3
1984,1
1985,3
1986,3
1987,1
1988,3
1989,3
1990,1
1991,3
1992,3
1993,1
1994,3
1995,1
1996,1
1997,1
1998,3
1999,1
2000,3
2001,3
2002,1
2003,3
2004,1
2005,1
2006,3
2007,3
2008,1
2009,3
2010,1
2011,1
2012,1
2013,1
2014,1
2015,1
2016,1
2017,1
2018,1
2019,3
2020,1
2021,1
2022,1
2023,1
2024,3
2025,1
2026,3
2027,1
2028,1
2029,1
2030,3
2031,1
2032,1
2033,1
2034,1
2035,1
2036,3
2037,3
2038,1
2039,3
2040,1
2041,1
2042,3
2043,1
2044,1
2045,3
2046,1
2047,1
2048,1
2049,3
2050,3
2051,1
2052,3
2053,1
2054,3
2055,3
2056,3
2057,1
2058,1
2059,1
2060,1
2061,1
2062,1
2063,3
2064,1
2065,3
2066,3
2067,1
2068,1
2069,1
2070,1
2071,2
2072,3
2073,3
2074,1
2075,1
2076,3
2077,3
2078,1
2079,1
2080,1
2081,1
2082,1
2083,3
2084,1
2085,1
2086,1
2087,3
2088,2
2089,1
2090,1
2091,1
2092,1
2093,1
2094,1
2095,3
2096,3
2097,3
2098,3
2099,2
2100,3
2101,3
2102,1
2103,1
2104,1
2105,1
2106,3
2107,1
2108,1
2109,1
2110,1
2111,1
2112,1
2113,1
2114,3
2115,1
2116,1
2117,1
2118,1
2119,1
2120,1
2121,3
2122,1
2123,1
2124,1
2125,1
2126,3
2127,1
2128,1
2129,3
2130,3
2131,3
2132,2
2133,2
2134,1
2135,1
2136,1
2137,1
2138,3
2139,1
2140,1
2141,1
2142,1
2143,1
2144,1
2145,1
2146,1
2147,1
2148,1
2149,1
2150,1
2151,1
2152,1
2153,3
2154,3
2155,1
2156,1
2157,3
2158,1
2159,1
2160,1
2161,3
2162,1
2163,1
2164,3
2165,1
2166,3
2167,1
2168,1
2169,1
2170,1
2171,3
2172,1
2173,1
2174,1
2175,3
2176,3
2177,1
2178,2
2179,1
2180,1
2181,1
2182,2
2183,3
2184,2
2185,1
2186,1
2187,3
2188,1
2189,1
2190,2
2191,1
2192,1
2193,3
2194,1
2195,1
2196,1
2197,1
2198,3
2199,1
2200,1
2201,3
2202,3
2203,1
2204,1
2205,2
2206,1
2207,1
2208,1
2209,3
2210,1
2211,2
2212,1
2213,3
2214,1
2215,1
2216,3
2217,3
2218,1
2219,3
2220,1
2221,1
2222,3
2223,2
2224,2
2225,1
2226,1
2227,3
2228,1
2229,3
2230,3
2231,1
2232,1
2233,2
2234,3
2235,3
2236,1
2237,1
2238,3
2239,3
2240,3
2241,1
2242,3
2243,1
2244,3
2245,1
2246,1
2247,1
2248,1
2249,1
2250,1
2251,1
2252,3
2253,1
2254,1
2255,1
2256,1
2257,1
2258,1
2259,1
2260,3
2261,1
2262,3
2263,1
2264,1
2265,1
2266,1
2267,1
2268,1
2269,1
2270,2
2271,1
2272,1
2273,3
2274,1
2275,1
2276,1
2277,1
2278,1
2279,3
2280,3
2281,1
2282,1
2283,1
2284,1
2285,3
2286,1
2287,1
2288,3
2289,1
2290,1
2291,1
2292,1
2293,3
2294,1
2295,3
2296,3
2297,1
2298,1
2299,3
2300,1
2301,1
2302,1
2303,1
2304,3
2305,3
2306,3
2307,3
2308,1
2309,3
2310,1
2311,1
2312,3
2313,1
2314,3
2315,1
2316,3
2317,1
2318,1
2319,1
2320,3
2321,1
2322,1
2323,1
2324,1
2325,1
2326,1
2327,1
2328,1
2329,3
2330,1
2331,3
2332,1
2333,1
2334,1
2335,1
2336,1
2337,1
2338,3
2339,2
2340,1
2341,1
2342,2
2343,1
2344,1
2345,1
2346,3
2347,3
2348,2
2349,1
2350,1
2351,3
2352,1
2353,1
2354,2
2355,3
2356,1
2357,1
2358,1
2359,1
2360,1
2361,3
2362,1
2363,3
2364,1
2365,2
2366,1
2367,1
2368,3
2369,1
2370,3
2371,1
2372,3
2373,3
2374,1
2375,3
2376,3
2377,1
2378,1
2379,1
2380,3
2381,3
2382,3
2383,3
2384,2
2385,1
2386,1
2387,3
2388,3
2389,1
2390,3
2391,1
2392,1
2393,2
2394,3
2395,3
2396,1
2397,1
2398,3
2399,3
2400,1
2401,1
2402,1
2403,1
2404,1
2405,1
2406,1
2407,1
2408,3
2409,1
2410,2
2411,1
2412,1
2413,1
2414,1
2415,1
2416,3
2417,1
2418,3
2419,1
2420,1
2421,1
2422,3
2423,1
2424,3
2425,1
2426,1
2427,1
2428,2
2429,3
2430,2
2431,1
2432,2
2433,3
2434,3
2435,1
2436,1
2437,3
2438,1
2439,1
2440,1
2441,1
2442,1
2443,3
2444,3
2445,1
2446,1
2447,3
2448,1
2449,1
2450,1
2451,2
2452,1
2453,1
2454,1
2455,1
2456,1
2457,1
2458,3
2459,3
2460,1
2461,1
2462,1
2463,3
2464,1
2465,1
2466,1
2467,3
2468,1
2469,3
2470,3
2471,1
2472,3
2473,1
2474,1
2475,1
2476,1
2477,1
2478,1
2479,1
2480,2
2481,2
2482,1
2483,1
2484,1
2485,1
2486,1
2487,3
2488,3
2489,1
2490,1
2491,3
2492,1
2493,1
2494,1
2495,3
2496,1
2497,3
2498,1
2499,3
2500,2
2501,1
2502,1
2503,1
2504,1
2505,1
2506,1
2507,3
2508,3
2509,1
2510,3
2511,1
2512,3
2513,1
2514,1
2515,1
2516,1
2517,1
2518,1
2519,1
2520,3
2521,1
2522,1
2523,1
2524,1
2525,3
2526,1
2527,3
2528,3
2529,3
2530,3
2531,1
2532,1
2533,3
2534,1
2535,1
2536,1
2537,2
2538,1
2539,1
2540,1
2541,1
2542,1
2543,1
2544,1
2545,1
2546,1
2547,1
2548,3
2549,1
2550,3
2551,3
2552,1
2553,1
2554,1
2555,3
2556,3
2557,1
2558,1
2559,1
2560,1
2561,1
2562,1
2563,1
2564,3
2565,2
2566,2
2567,1
2568,3
2569,3
2570,1
2571,3
2572,3
2573,3
2574,1
2575,3
2576,1
2577,1
2578,3
2579,1
2580,1
2581,3
2582,1
2583,1
2584,3
2585,1
2586,1
2587,1
2588,1
2589,1
2590,1
2591,1
2592,1
2593,3
2594,1
2595,3
2596,1
2597,3
2598,1
2599,3
2600,1
2601,1
2602,3
2603,1
2604,1
2605,3
2606,3
2607,2
2608,1
2609,3
2610,1
2611,1
2612,1
2613,2
2614,1
2615,1
2616,1
2617,1
2618,1
2619,2
2620,1
2621,1
2622,3
2623,1
2624,1
2625,1
2626,1
2627,3
2628,1
2629,1
2630,1
2631,2
2632,1
2633,1
2634,3
2635,3
2636,1
2637,2
2638,1
2639,1
2640,3
2641,1
2642,1
2643,3
2644,1
2645,3
2646,3
2647,1
2648,3
2649,3
2650,1
2651,1
2652,1
2653,3
2654,1
2655,1
2656,3
2657,1
2658,1
2659,2
2660,1
2661,1
2662,1
2663,1
2664,3
2665,3
2666,1
2667,1
2668,3
2669,1
2670,3
2671,3
2672,1
2673,3
2674,1
2675,1
2676,1
2677,1
2678,1
2679,1
2680,1
2681,1
2682,3
2683,1
2684,3
2685,1
2686,1
2687,1
2688,3
2689,3
2690,1
2691,1
2692,1
2693,1
2694,1
2695,1
2696,3
2697,1
2698,1
2699,3
2700,2
2701,3
2702,3
2703,1
2704,1
2705,1
2706,1
2707,1
2708,1
2709,1
2710,1
2711,3
2712,1
2713,3
2714,3
2715,1
2716,1
2717,3
2718,1
2719,1
2720,1
2721,2
2722,3
2723,1
2724,3
2725,3
2726,3
2727,1
2728,3
2729,1
2730,1
2731,1
2732,1
2733,1
2734,1
2735,1
2736,1
2737,1
2738,1
2739,1
2740,1
2741,3
2742,3
2743,1
2744,1
2745,1
2746,1
2747,1
2748,1
2749,1
2750,1
2751,1
2752,3
2753,1
2754,1
2755,1
2756,2
2757,1
2758,1
2759,1
2760,1
2761,1
2762,1
2763,1
2764,3
2765,3
2766,1
2767,3
2768,1
2769,3
2770,3
2771,1
2772,1
2773,1
2774,1
2775,1
2776,1
2777,3
2778,3
2779,1
2780,3
2781,1
2782,1
2783,1
2784,3
2785,1
2786,2
2787,1
2788,1
2789,1
2790,1
2791,1
2792,1
2793,1
2794,3
2795,1
2796,3
2797,3
2798,3
2799,1
2800,2
2801,1
2802,1
2803,3
2804,1
2805,2
2806,3
2807,1
2808,1
2809,1
2810,1
2811,1
2812,3
2813,1
2814,1
2815,3
2816,1
2817,1
2818,1
2819,1
2820,1
2821,1
2822,2
2823,1
2824,3
2825,1
2826,1
2827,1
2828,1
2829,1
2830,2
2831,3
2832,1
2833,1
2834,1
2835,2
2836,3
2837,1
2838,1
2839,2
2840,3
2841,1
2842,1
2843,3
2844,3
2845,1
2846,1
2847,1
2848,1
2849,3
2850,1
2851,3
2852,1
2853,1
2854,1
2855,3
2856,3
2857,2
2858,3
2859,3
2860,1
2861,1
2862,1
2863,1
2864,1
2865,1
2866,1
2867,3
2868,1
2869,3
2870,1
2871,3
2872,1
2873,2
2874,3
2875,1
2876,1
2877,3
2878,1
2879,3
2880,1
2881,1
2882,1
2883,3
2884,2
2885,1
2886,1
2887,1
2888,1
2889,3
2890,1
2891,3
2892,1
2893,1
2894,1
2895,3
2896,3
2897,3
2898,3
2899,3
2900,1
2901,1
2902,3
2903,3
2904,1
2905,3
2906,1
2907,3
2908,1
2909,1
2910,1
2911,1
2912,1
2913,2
2914,3
2915,1
2916,3
2917,1
2918,1
2919,1
2920,1
2921,3
2922,3
2923,3
2924,1
2925,1
2926,2
2927,3
2928,3
2929,3
2930,1
2931,1
2932,3
2933,3
2934,1
2935,1
2936,1
2937,1
2938,1
2939,1
2940,1
2941,1
2942,1
2943,3
2944,1
2945,3
2946,1
2947,1
2948,3
2949,1
2950,3
2951,3
2952,1
2953,3
2954,1
2955,2
2956,1
2957,1
2958,1
2959,1
2960,1
2961,1
2962,1
2963,3
2964,3
2965,1
2966,1
2967,1
2968,1
2969,1
2970,1
2971,3
2972,1
2973,1
2974,1
2975,1
2976,1
2977,3
2978,3
2979,3
2980,1
2981,1
2982,2
2983,1
2984,1
2985,1
2986,1
2987,1
2988,3
2989,3
2990,3
2991,1
2992,1
2993,1
2994,1
2995,1
2996,1
2997,2
2998,3
2999,1
3000,3
3001,1
3002,1
3003,1
3004,1
3005,1
3006,1
3007,2
3008,1
3009,3
3010,1
3011,3
3012,3
3013,3
3014,1
3015,1
3016,1
3017,3
3018,1
3019,1
3020,1
3021,3
3022,3
3023,1
3024,3
3025,3
3026,3
3027,1
3028,3
3029,2
3030,1
3031,3
3032,1
3033,2
3034,1
3035,2
3036,1
3037,2
3038,1
3039,1
3040,3
3041,3
3042,2
3043,1
3044,1
3045,3
3046,1
3047,1
3048,1
3049,3
3050,1
3051,1
3052,3
3053,1
3054,3
3055,3
3056,3
3057,3
3058,1
3059,3
3060,1
3061,3
3062,1
3063,1
3064,1
3065,1
3066,1
3067,3
3068,1
3069,1
3070,1
3071,1
3072,1
3073,1
3074,3
3075,1
3076,1
3077,1
3078,1
3079,1
3080,3
3081,1
3082,2
3083,3
3084,1
3085,1
3086,1
3087,3
3088,3
3089,1
3090,1
3091,1
3092,1
3093,1
3094,1
3095,3
3096,1
3097,3
3098,1
3099,2
3100,1
3101,3
3102,3
3103,3
3104,3
3105,1
3106,3
3107,1
3108,1
3109,3
3110,1
3111,1
3112,3
3113,3
3114,1
3115,1
3116,1
3117,2
3118,1
3119,3
3120,1
3121,1
3122,1
3123,1
3124,1
3125,3
3126,1
3127,3
3128,3
3129,1
3130,1
3131,3
3132,3
3133,1
3134,3
3135,3
3136,1
3137,3
3138,3
3139,1
3140,1
3141,1
3142,3
3143,3
3144,1
3145,1
3146,3
3147,3
3148,1
3149,1
3150,1
3151,3
3152,1
3153,3
3154,1
3155,1
3156,1
3157,1
3158,1
3159,3
3160,1
3161,1
3162,1
3163,1
3164,1
3165,1
3166,3
3167,1
3168,3
3169,1
3170,2
3171,1
3172,3
3173,1
3174,1
3175,1
3176,1
3177,1
3178,3
3179,1
3180,3
3181,3
3182,1
3183,1
3184,3
3185,1
3186,1
3187,1
3188,1
3189,2
3190,1
3191,1
3192,1
3193,1
3194,1
3195,1
3196,3
3197,1
3198,1
3199,1
3200,1
3201,1
3202,1
3203,2
3204,1
3205,1
3206,1
3207,3
3208,1
3209,1
3210,2
3211,1
3212,1
3213,3
3214,1
3215,3
3216,2
3217,3
3218,1
3219,1
3220,3
3221,1
3222,3
3223,1
3224,3
3225,1
3226,3
3227,1
3228,1
3229,1
3230,3
3231,2
3232,2
3233,1
3234,3
3235,1
3236,1
3237,1
3238,3
3239,1
3240,1
3241,2
3242,1
3243,1
3244,1
3245,1
3246,3
3247,1
3248,1
3249,1
3250,1
3251,1
3252,1
3253,1
3254,2
3255,1
3256,1
3257,1
3258,1
3259,3
3260,1
3261,1
3262,3
3263,3
3264,3
3265,1
3266,1
3267,3
3268,1
3269,3
3270,3
3271,3
3272,2
3273,1
3274,1
3275,3
3276,1
3277,1
3278,1
3279,1
3280,1
3281,3
3282,1
3283,3
3284,1
3285,1
3286,1
3287,1
3288,3
3289,1
3290,1
3291,2
3292,3
3293,1
3294,1
3295,1
3296,1
3297,3
3298,1
3299,3
3300,1
3301,3
3302,3
3303,1
3304,3
3305,3
3306,3
3307,1
3308,3
3309,3
3310,1
3311,3
3312,3
3313,1
3314,1
3315,1
3316,1
3317,3
3318,3
3319,3
3320,3
3321,2
3322,1
3323,1
3324,3
3325,1
3326,3
3327,3
3328,2
3329,1
3330,1
3331,1
3332,1
3333,1
3334,1
3335,3
3336,1
3337,1
3338,1
3339,2
3340,1
3341,1
3342,1
3343,1
3344,3
3345,3
3346,1
3347,1
3348,3
3349,1
3350,2
3351,1
3352,3
3353,1
3354,3
3355,3
3356,1
3357,1
3358,3
3359,3
3360,1
3361,1
3362,1
3363,3
3364,1
3365,1
3366,1
3367,1
3368,3
3369,1
3370,3
3371,1
3372,1
3373,3
3374,1
3375,3
3376,1
3377,1
3378,1
3379,3
3380,3
3381,1
3382,1
3383,3
3384,1
3385,3
3386,1
3387,1
3388,1
3389,1
3390,1
3391,1
3392,1
3393,1
3394,1
3395,3
3396,1
3397,1
3398,1
3399,1
3400,1
3401,1
3402,1
3403,2
3404,1
3405,1
3406,3
3407,1
3408,1
3409,3
3410,1
3411,1
3412,1
3413,1
3414,2
3415,1
3416,3
3417,1
3418,3
3419,1
3420,1
3421,3
3422,1
3423,3
3424,1
3425,1
3426,3
3427,1
3428,3
3429,3
3430,1
3431,1
3432,1
3433,1
3434,1
3435,1
3436,1
3437,1
3438,3
3439,1
3440,1
3441,1
3442,1
3443,3
3444,3
3445,2
3446,3
3447,1
3448,3
3449,1
3450,3
3451,2
3452,3
3453,2
3454,3
3455,1
3456,1
3457,3
3458,1
3459,1
3460,3
3461,1
3462,3
3463,1
3464,3
3465,2
3466,3
3467,1
3468,1
3469,1
3470,1
3471,1
3472,1
3473,1
3474,3
3475,2
3476,1
3477,1
3478,1
3479,3
3480,1
3481,3
3482,1
3483,1
3484,1
3485,1
3486,1
3487,3
3488,3
3489,1
3490,3
3491,1
3492,1
3493,3
3494,1
3495,2
3496,1
3497,1
3498,3
3499,1
3500,3
3501,1
3502,1
3503,3
3504,3
3505,1
3506,1
3507,1
3508,1
3509,1
3510,3
3511,1
3512,1
3513,3
3514,1
3515,1
3516,1
3517,1
3518,1
3519,1
3520,3
3521,1
3522,1
3523,1
3524,1
3525,1
3526,1
3527,1
3528,1
3529,1
3530,3
3531,1
3532,3
3533,1
3534,1
3535,1
3536,3
3537,1
3538,1
3539,3
3540,1
3541,1
3542,1
3543,1
3544,1
3545,1
3546,1
3547,1
3548,1
3549,1
3550,1
3551,1
3552,1
3553,1
3554,3
3555,1
3556,1
3557,1
3558,1
3559,1
3560,3
3561,1
3562,2
3563,1
3564,3
3565,3
3566,1
3567,1
3568,1
3569,1
3570,1
3571,1
3572,1
3573,2
3574,1
3575,2
3576,2
3577,1
3578,1
3579,1
3580,1
3581,3
3582,1
3583,1
3584,3
3585,1
3586,1
3587,3
3588,1
3589,2
3590,1
3591,1
3592,1
3593,1
3594,1
3595,1
3596,1
3597,1
3598,3
3599,1
3600,1
3601,1
3602,1
3603,1
3604,3
3605,2
3606,3
3607,3
3608,1
3609,1
3610,1
3611,1
3612,1
3613,3
3614,1
3615,3
3616,1
3617,3
3618,3
3619,1
3620,3
3621,1
3622,1
3623,3
3624,1
3625,3
3626,3
3627,1
3628,1
3629,1
3630,2
3631,1
3632,3
3633,1
3634,3
3635,3
3636,1
3637,1
3638,1
3639,2
3640,1
3641,1
3642,1
3643,1
3644,2
3645,3
3646,3
3647,1
3648,1
3649,1
3650,1
3651,3
3652,1
3653,1
3654,3
3655,1
3656,1
3657,1
3658,1
3659,2
3660,1
3661,3
3662,1
3663,1
3664,1
3665,1
3666,1
3667,1
3668,1
3669,1
3670,3
3671,1
3672,3
3673,3
3674,3
3675,1
3676,1
3677,1
3678,1
3679,1
3680,1
3681,1
3682,1
3683,1
3684,1
3685,3
3686,1
3687,1
3688,1
3689,1
3690,1
3691,2
3692,3
3693,2
3694,1
3695,3
3696,3
3697,1
3698,1
3699,1
3700,1
3701,1
3702,1
3703,1
3704,1
3705,3
3706,3
3707,1
3708,3
3709,3
3710,1
3711,1
3712,1
3713,3
3714,1
3715,3
3716,1
3717,3
3718,1
3719,1
3720,1
3721,3
3722,3
3723,3
3724,1
3725,1
3726,1
3727,1
3728,3
3729,1
3730,3
3731,3
3732,3
3733,1
3734,1
3735,1
3736,1
3737,1
3738,3
3739,1
3740,1
3741,3
3742,3
3743,1
3744,1
3745,1
3746,1
3747,1
3748,1
3749,1
3750,1
3751,3
3752,1
3753,1
3754,3
3755,3
3756,1
3757,3
3758,1
3759,1
3760,3
3761,1
3762,3
3763,3
3764,1
3765,3
3766,2
3767,3
3768,3
3769,1
3770,1
3771,3
3772,1
3773,1
3774,2
3775,1
3776,1
3777,3
3778,1
3779,1
3780,1
3781,1
3782,1
3783,1
3784,1
3785,3
3786,1
3787,1
3788,3
3789,1
3790,1
3791,2
3792,2
3793,1
3794,3
3795,1
3796,1
3797,1
3798,1
3799,1
3800,3
3801,1
3802,3
3803,1
3804,1
3805,3
3806,1
3807,1
3808,1
3809,1
3810,1
3811,3
3812,2
3813,3
3814,1
3815,3
3816,1
3817,1
3818,3
3819,1
3820,2
3821,3
3822,3
3823,1
3824,1
3825,1
3826,3
3827,1
3828,1
3829,3
3830,1
3831,1
3832,1
3833,3
3834,1
3835,3
3836,1
3837,1
3838,1
3839,1
3840,3
3841,2
3842,1
3843,1
3844,1
3845,1
3846,1
3847,1
3848,1
3849,1
3850,1
3851,1
3852,1
3853,3
3854,3
3855,3
3856,1
3857,2
3858,3
3859,3
3860,3
3861,1
3862,1
3863,3
3864,1
3865,2
3866,1
3867,1
3868,3
3869,1
3870,2
3871,1
3872,1
3873,1
3874,1
3875,1
3876,3
3877,2
3878,2
3879,1
3880,3
3881,1
3882,2
3883,1
3884,3
3885,3
3886,3
3887,3
3888,1
3889,3
3890,3
3891,1
3892,3
3893,1
3894,3
3895,1
3896,1
3897,2
3898,1
3899,1
3900,3
3901,1
3902,1
3903,3
3904,3
3905,1
3906,1
3907,1
3908,1
3909,1
3910,1
3911,1
3912,1
3913,1
3914,1
3915,3
3916,1
3917,1
3918,3
3919,1
3920,1
3921,1
3922,2
3923,1
3924,1
3925,1
3926,1
3927,1
3928,1
3929,1
3930,1
3931,1
3932,1
3933,1
3934,3
3935,1
3936,1
3937,1
3938,3
3939,2
3940,3
3941,2
3942,1
3943,1
3944,1
3945,1
3946,3
3947,1
3948,1
3949,3
3950,1
3951,1
3952,3
3953,3
3954,1
3955,1
3956,3
3957,1
3958,1
3959,1
3960,3
3961,3
3962,3
3963,1
3964,3
3965,3
3966,2
3967,3
3968,1
3969,1
3970,1
3971,3
3972,1
3973,2
3974,3
3975,1
3976,1
3977,1
3978,1
3979,1
3980,1
3981,3
3982,1
3983,1
3984,2
3985,1
3986,1
3987,1
3988,1
3989,1
3990,1
3991,1
3992,1
3993,1
3994,3
3995,3
3996,3
3997,1
3998,1
3999,3
4000,1
4001,3
4002,3
4003,3
4004,3
4005,1
4006,1
4007,3
4008,3
4009,1
4010,1
4011,1
4012,1
4013,1
4014,3
4015,1
4016,1
4017,1
4018,1
4019,3
4020,1
4021,3
4022,1
4023,1
4024,1
4025,2
4026,1
4027,3
4028,1
4029,1
4030,3
4031,1
4032,1
4033,1
4034,1
4035,3
4036,1
4037,3
4038,1
4039,3
4040,1
4041,1
4042,1
4043,1
4044,1
4045,1
4046,1
4047,3
4048,1
4049,1
4050,3
4051,1
4052,3
4053,1
4054,1
4055,1
4056,1
4057,3
4058,1
4059,3
4060,1
4061,1
4062,3
4063,1
4064,1
4065,1
4066,3
4067,1
4068,1
4069,1
4070,3
4071,1
4072,3
4073,1
4074,1
4075,3
4076,1
4077,2
4078,1
4079,3
4080,3
4081,1
4082,1
4083,1
4084,1
4085,3
4086,3
4087,1
4088,2
4089,1
4090,3
4091,1
4092,3
4093,1
4094,2
4095,1
4096,1
4097,1
4098,1
4099,1
4100,3
4101,1
4102,1
4103,1
4104,3
4105,3
4106,3
4107,1
4108,3
4109,3
4110,3
4111,1
4112,1
4113,3
4114,3
4115,3
4116,3
4117,1
4118,1
4119,3
4120,3
4121,3
4122,1
4123,3
4124,1
4125,1
4126,3
4127,1
4128,2
4129,1
4130,1
4131,2
4132,1
4133,3
4134,1
4135,1
4136,3
4137,1
4138,1
4139,1
4140,1
4141,1
4142,3
4143,3
4144,2
4145,1
4146,3
4147,1
4148,2
4149,1
4150,1
4151,2
4152,3
4153,3
4154,3
4155,2
4156,1
4157,1
4158,3
4159,3
4160,2
4161,1
4162,1
4163,1
4164,3
4165,3
4166,1
4167,1
4168,3
4169,3
4170,3
4171,3
4172,1
4173,1
4174,3
4175,1
4176,1
4177,1
4178,3
4179,1
4180,1
4181,1
4182,2
4183,1
4184,1
4185,1
4186,1
4187,3
4188,3
4189,1
4190,3
4191,1
4192,1
4193,1
4194,1
4195,1
4196,2
4197,1
4198,1
4199,2
4200,1
4201,3
4202,1
4203,3
4204,1
4205,1
4206,1
4207,3
4208,1
4209,3
4210,3
4211,1
4212,1
4213,1
4214,3
4215,1
4216,1
4217,1
4218,1
4219,2
4220,1
4221,1
4222,3
4223,1
4224,1
4225,3
4226,1
4227,1
4228,1
4229,1
4230,1
4231,1
4232,2
4233,1
4234,1
4235,1
4236,1
4237,3
4238,3
4239,1
4240,1
4241,1
4242,1
4243,1
4244,3
4245,1
4246,3
4247,1
4248,3
4249,1
4250,1
4251,1
4252,2
4253,3
4254,1
4255,3
4256,3
4257,1
4258,1
4259,1
4260,3
4261,2
4262,1
4263,1
4264,1
4265,1
4266,1
4267,3
4268,3
4269,3
4270,1
4271,1
4272,3
4273,1
4274,1
4275,3
4276,3
4277,1
4278,3
4279,2
4280,1
4281,3
4282,1
4283,1
4284,1
4285,1
4286,1
4287,3
4288,1
4289,1
4290,1
4291,3
4292,2
4293,3
4294,3
4295,1
4296,1
4297,1
4298,1
4299,1
4300,1
4301,1
4302,3
4303,1
4304,1
4305,1
4306,1
4307,1
4308,1
4309,1
4310,1
4311,1
4312,3
4313,3
4314,3
4315,3
4316,3
4317,3
4318,1
4319,1
4320,1
4321,1
4322,3
4323,3
4324,1
4325,1
4326,1
4327,3
4328,1
4329,1
4330,1
4331,3
4332,3
4333,1
4334,2
4335,3
4336,3
4337,1
4338,1
4339,3
4340,3
4341,3
4342,3
4343,3
4344,1
4345,1
4346,1
4347,3
4348,1
4349,1
4350,1
4351,3
4352,3
4353,1
4354,3
4355,1
4356,3
4357,1
4358,1
4359,3
4360,1
4361,1
4362,3
4363,1
4364,1
4365,1
4366,1
4367,1
4368,3
4369,1
4370,2
4371,3
4372,1
4373,3
4374,3
4375,1
4376,1
4377,1
4378,1
4379,1
4380,1
4381,1
4382,1
4383,1
4384,1
4385,1
4386,3
4387,1
4388,3
4389,3
4390,1
4391,1
4392,3
4393,3
4394,1
4395,1
4396,1
4397,3
4398,1
4399,3
4400,1
4401,1
4402,1
4403,1
4404,1
4405,1
4406,1
4407,1
4408,3
4409,3
4410,3
4411,1
4412,3
4413,1
4414,1
4415,1
4416,1
4417,1
4418,3
4419,3
4420,3
4421,2
4422,3
4423,3
4424,3
4425,1
4426,2
4427,3
4428,1
4429,1
4430,3
4431,1
4432,1
4433,3
4434,1
4435,2
4436,1
4437,1
4438,1
4439,1
4440,3
4441,3
4442,1
4443,1
4444,1
4445,3
4446,1
4447,1
4448,3
4449,3
4450,1
4451,1
4452,1
4453,3
4454,1
4455,3
4456,1
4457,1
4458,3
4459,1
4460,2
4461,1
4462,1
4463,1
4464,3
4465,1
4466,1
4467,3
4468,3
4469,1
4470,1
4471,1
4472,1
4473,3
4474,1
4475,3
4476,3
4477,1
4478,1
4479,1
4480,1
4481,1
4482,3
4483,3
4484,1
4485,1
4486,1
4487,2
4488,1
4489,1
4490,1
4491,2
4492,1
4493,1
4494,1
4495,1
4496,3
4497,3
4498,3
4499,1
4500,3
4501,1
4502,1
4503,1
4504,3
4505,3
4506,1
4507,1
4508,3
4509,1
4510,3
4511,1
4512,1
4513,3
4514,1
4515,3
4516,3
4517,3
4518,1
4519,1
4520,1
4521,3
4522,1
4523,1
4524,1
4525,1
4526,1
4527,1
4528,3
4529,1
4530,1
4531,3
4532,3
4533,3
4534,2
4535,3
4536,3
4537,2
4538,1
4539,1
4540,3
4541,1
4542,1
4543,3
4544,1
4545,1
4546,1
4547,3
4548,1
4549,3
4550,3
4551,1
4552,1
4553,3
4554,3
4555,1
4556,1
4557,2
4558,3
4559,3
4560,3
4561,1
4562,1
4563,1
4564,1
4565,1
4566,3
4567,1
4568,1
4569,1
4570,3
4571,3
4572,3
4573,1
4574,3
4575,3
4576,3
4577,3
4578,1
4579,3
4580,1
4581,3
4582,1
4583,3
4584,3
4585,1
4586,3
4587,3
4588,1
4589,1
4590,1
4591,1
4592,1
4593,3
4594,3
4595,1
4596,3
4597,1
4598,1
4599,3
4600,3
4601,1
4602,2
4603,1
4604,1
4605,1
4606,1
4607,1
4608,3
4609,1
4610,3
4611,1
4612,1
4613,1
4614,3
4615,1
4616,1
4617,1
4618,1
4619,2
4620,1
4621,1
4622,3
4623,3
4624,3
4625,1
4626,1
4627,3
4628,3
4629,1
4630,3
4631,3
4632,3
4633,1
4634,1
4635,1
4636,3
4637,1
4638,1
4639,3
4640,1
4641,1
4642,1
4643,1
4644,1
4645,1
4646,1
4647,3
4648,1
4649,3
4650,3
4651,1
4652,3
4653,1
4654,3
4655,1
4656,3
4657,3
4658,3
4659,1
4660,1
4661,1
4662,3
4663,1
4664,1
4665,1
4666,1
4667,3
4668,3
4669,1
4670,1
4671,3
4672,3
4673,1
4674,1
4675,3
4676,1
4677,1
4678,1
4679,1
4680,1
4681,3
4682,1
4683,1
4684,3
4685,1
4686,1
4687,1
4688,3
4689,1
4690,1
4691,1
4692,1
4693,1
4694,3
4695,1
4696,2
4697,1
4698,1
4699,3
4700,1
4701,1
4702,1
4703,1
4704,1
4705,3
4706,3
4707,1
4708,3
4709,1
4710,1
4711,1
4712,3
4713,1
4714,1
4715,1
4716,3
4717,3
4718,3
4719,1
4720,1
4721,3
4722,3
4723,1
4724,1
4725,3
4726,1
4727,1
4728,1
4729,1
4730,3
4731,1
4732,1
4733,3
4734,1
4735,3
4736,1
4737,1
4738,2
4739,3
4740,1
4741,1
4742,2
4743,1
4744,3
4745,3
4746,1
4747,1
4748,3
4749,3
4750,1
4751,3
4752,2
4753,1
4754,2
4755,1
4756,3
4757,1
4758,3
4759,1
4760,3
4761,1
4762,3
4763,3
4764,1
4765,3
4766,1
4767,1
4768,1
4769,1
4770,3
4771,1
4772,1
4773,1
4774,3
4775,3
4776,3
4777,1
4778,1
4779,1
4780,1
4781,1
4782,1
4783,3
4784,1
4785,3
4786,1
4787,1
4788,1
4789,1
4790,1
4791,1
4792,3
4793,3
4794,1
4795,1
4796,3
4797,1
4798,3
4799,3
4800,3
4801,1
4802,1
4803,1
4804,3
4805,1
4806,1
4807,3
4808,1
4809,1
4810,1
4811,1
4812,1
4813,1
4814,1
4815,1
4816,3
4817,1
4818,1
4819,1
4820,3
4821,1
4822,1
4823,3
4824,1
4825,3
4826,3
4827,2
4828,1
4829,1
4830,1
4831,3
4832,1
4833,3
4834,1
4835,3
4836,1
4837,1
4838,3
4839,1
4840,1
4841,1
4842,1
4843,1
4844,1
4845,1
4846,1
4847,1
4848,3
4849,3
4850,1
4851,3
4852,1
4853,1
4854,1
4855,3
4856,3
4857,3
4858,1
4859,3
4860,1
4861,1
4862,1
4863,3
4864,1
4865,1
4866,2
4867,1
4868,1
4869,3
4870,1
4871,1
4872,3
4873,1
4874,1
4875,1
4876,1
4877,1
4878,1
4879,3
4880,2
4881,1
4882,3
4883,1
4884,3
4885,1
4886,3
4887,1
4888,3
4889,1
4890,3
4891,1
4892,1
4893,1
4894,1
4895,1
4896,1
4897,1
4898,1
4899,1
4900,3
4901,1
4902,3
4903,3
4904,2
4905,1
4906,1
4907,1
4908,1
4909,3
4910,1
4911,1
4912,1
4913,1
4914,1
4915,1
4916,1
4917,1
4918,3
4919,1
4920,3
4921,1
4922,3
4923,3
4924,3
4925,1
4926,3
4927,1
4928,1
4929,1
4930,1
4931,3
4932,3
4933,3
4934,3
4935,3
4936,1
4937,3
4938,1
4939,3
4940,1
4941,3
4942,1
4943,1
4944,1
4945,1
4946,3
4947,1
4948,3
4949,1
4950,1
4951,1
4952,1
4953,3
4954,1
4955,1
4956,3
4957,1
4958,1
4959,3
4960,1
4961,1
4962,1
4963,1
4964,3
4965,1
4966,3
4967,1
4968,1
4969,1
4970,3
4971,1
4972,1
4973,2
4974,3
4975,1
4976,1
4977,1
4978,3
4979,3
4980,1
4981,1
4982,3
4983,1
4984,1
4985,3
4986,1
4987,3
4988,1
4989,1
4990,1
4991,3
4992,1
4993,3
4994,3
4995,1
4996,1
4997,3
4998,1
4999,2
5000,1
5001,1
5002,1
5003,1
5004,3
5005,3
5006,1
5007,3
5008,1
5009,3
5010,2
5011,1
5012,1
5013,1
5014,3
5015,1
5016,3
5017,1
5018,3
5019,1
5020,3
5021,3
5022,2
5023,1
5024,3
5025,3
5026,1
5027,2
5028,3
5029,1
5030,1
5031,1
5032,1
5033,1
5034,1
5035,1
5036,1
5037,3
5038,1
5039,3
5040,1
5041,1
5042,1
5043,3
5044,3
5045,2
5046,3
5047,3
5048,1
5049,3
5050,1
5051,1
5052,1
5053,1
5054,2
5055,1
5056,2
5057,1
5058,2
5059,3
5060,1
5061,3
5062,2
5063,1
5064,3
5065,1
5066,3
5067,1
5068,1
5069,1
5070,1
5071,1
5072,1
5073,1
5074,1
5075,2
5076,3
5077,1
5078,1
5079,1
5080,1
5081,1
5082,1
5083,1
5084,1
5085,1
5086,1
5087,1
5088,1
5089,1
5090,2
5091,3
5092,3
5093,3
5094,3
5095,1
5096,1
5097,1
5098,2
5099,3
5100,3
5101,1
5102,1
5103,3
5104,2
5105,3
5106,3
5107,1
5108,3
5109,1
5110,1
5111,2
5112,1
5113,2
5114,1
5115,1
5116,3
5117,3
5118,1
5119,1
5120,1
5121,3
5122,3
5123,1
5124,3
5125,1
5126,3
5127,1
5128,1
5129,1
5130,3
5131,1
5132,1
5133,1
5134,1
5135,3
5136,3
5137,1
5138,2
5139,1
5140,1
5141,3
5142,2
5143,2
5144,1
5145,1
5146,1
5147,1
5148,1
5149,1
5150,3
5151,1
5152,1
5153,1
5154,3
5155,3
5156,1
5157,1
5158,1
5159,2
5160,1
5161,1
5162,1
5163,3
5164,1
5165,1
5166,1
5167,1
5168,3
5169,3
5170,1
5171,3
5172,1
5173,3
5174,3
5175,2
5176,1
5177,1
5178,1
5179,1
5180,3
5181,3
5182,1
5183,1
5184,1
5185,1
5186,1
5187,1
5188,1
5189,1
5190,1
5191,1
5192,1
5193,1
5194,1
5195,3
5196,3
5197,1
5198,1
5199,3
5200,1
5201,1
5202,3
5203,1
5204,3
5205,1
5206,3
5207,1
5208,1
5209,3
5210,3
5211,1
5212,1
5213,3
5214,1
5215,1
5216,1
5217,1
5218,3
5219,1
5220,1
5221,1
5222,1
5223,1
5224,3
5225,3
5226,3
5227,1
5228,3
5229,1
5230,1
5231,3
5232,1
5233,1
5234,1
5235,3
5236,1
5237,3
5238,1
5239,1
5240,1
5241,1
5242,1
5243,2
5244,1
5245,3
5246,3
5247,1
5248,3
5249,2
5250,1
5251,3
5252,3
5253,3
5254,1
5255,1
5256,2
5257,3
5258,1
5259,1
5260,3
5261,3
5262,1
5263,3
5264,3
5265,3
5266,1
5267,3
5268,3
5269,3
5270,3
5271,1
5272,1
5273,3
5274,1
5275,1
5276,3
5277,1
5278,3
5279,3
5280,3
5281,1
5282,1
5283,2
5284,1
5285,1
5286,1
5287,1
5288,1
5289,1
5290,1
5291,3
5292,1
5293,3
5294,3
5295,3
5296,3
5297,3
5298,1
5299,1
5300,3
5301,1
5302,3
5303,1
5304,1
5305,1
5306,1
5307,3
5308,1
5309,1
5310,1
5311,1
5312,1
5313,1
5314,1
5315,1
5316,2
5317,1
5318,2
5319,1
5320,1
5321,2
5322,3
5323,1
5324,1
5325,3
5326,3
5327,2
5328,1
5329,1
5330,2
5331,1
5332,3
5333,3
5334,1
5335,1
5336,3
5337,1
5338,3
5339,3
5340,3
5341,2
5342,1
5343,3
5344,1
5345,1
5346,1
5347,3
5348,1
5349,1
5350,1
5351,3
5352,1
5353,1
5354,1
5355,1
5356,1
5357,1
5358,1
5359,3
5360,1
5361,1
5362,1
5363,1
5364,1
5365,2
5366,2
5367,1
5368,3
5369,3
5370,1
5371,2
5372,1
5373,1
5374,1
5375,3
5376,1
5377,1
5378,1
5379,1
5380,1
5381,1
5382,3
5383,1
5384,3
5385,1
5386,1
5387,3
5388,1
5389,3
5390,3
5391,1
5392,1
5393,2
5394,1
5395,1
5396,3
5397,3
5398,3
5399,1
5400,1
5401,1
5402,3
5403,1
5404,3
5405,1
5406,2
5407,3
5408,3
5409,3
5410,2
5411,1
5412,2
5413,1
5414,3
5415,3
5416,1
5417,1
5418,1
5419,1
5420,3
5421,3
5422,3
5423,1
5424,1
5425,1
5426,3
5427,2
5428,3
5429,1
5430,3
5431,1
5432,1
5433,1
5434,1
5435,3
5436,3
5437,1
5438,1
5439,1
5440,1
5441,1
5442,1
5443,1
5444,1
5445,2
5446,3
5447,1
5448,1
5449,2
5450,3
5451,1
5452,1
5453,1
5454,1
5455,3
5456,2
5457,3
5458,2
5459,1
5460,1
5461,2
5462,3
5463,1
5464,1
5465,3
5466,2
5467,3
5468,3
5469,3
5470,1
5471,1
5472,3
5473,3
5474,1
5475,3
5476,1
5477,1
5478,3
5479,1
5480,1
5481,1
5482,3
5483,1
5484,3
5485,3
5486,1
5487,1
5488,1
5489,1
5490,1
5491,1
5492,1
5493,3
5494,2
5495,1
5496,3
5497,1
5498,3
5499,1
5500,2
5501,3
5502,3
5503,1
5504,1
5505,3
5506,1
5507,3
5508,2
5509,3
5510,1
5511,1
5512,1
5513,3
5514,3
5515,1
5516,2
5517,3
5518,3
5519,1
5520,1
5521,1
5522,3
5523,1
5524,1
5525,2
5526,3
5527,1
5528,1
5529,1
5530,1
5531,1
5532,1
5533,3
5534,1
5535,1
5536,1
5537,1
5538,3
5539,1
5540,1
5541,1
5542,3
5543,2
5544,3
5545,3
5546,1
5547,1
5548,3
5549,3
5550,3
5551,1
5552,2
5553,3
5554,1
5555,3
5556,1
5557,3
5558,1
5559,1
5560,1
5561,2
5562,1
5563,1
5564,3
5565,1
5566,1
5567,3
5568,3
5569,2
5570,1
5571,1
5572,1
5573,1
5574,1
5575,3
5576,3
5577,1
5578,1
5579,3
5580,3
5581,3
5582,1
5583,1
5584,1
5585,1
5586,3
5587,1
5588,3
5589,1
5590,1
5591,1
5592,1
5593,1
5594,3
5595,3
5596,1
5597,1
5598,1
5599,1
5600,1
5601,1
5602,1
5603,3
5604,1
5605,1
5606,1
5607,1
5608,3
5609,3
5610,1
5611,1
5612,1
5613,1
5614,1
5615,3
5616,3
5617,1
5618,1
5619,3
5620,3
5621,1
5622,1
5623,3
5624,3
5625,1
5626,1
5627,3
5628,1
5629,1
5630,2
5631,1
5632,3
5633,1
5634,1
5635,1
5636,3
5637,1
5638,1
5639,3
5640,1
5641,1
5642,3
5643,3
5644,1
5645,1
5646,2
5647,1
5648,1
5649,1
5650,3
5651,1
5652,3
5653,1
5654,2
5655,1
5656,3
5657,3
5658,1
5659,1
5660,3
5661,1
5662,1
5663,1
5664,3
5665,3
5666,1
5667,3
5668,1
5669,1
5670,1
5671,3
5672,3
5673,1
5674,1
5675,1
5676,1
5677,1
5678,1
5679,1
5680,3
5681,3
5682,3
5683,2
5684,3
5685,2
5686,1
5687,1
5688,1
5689,1
5690,1
5691,1
5692,3
5693,3
5694,1
5695,1
5696,1
5697,1
5698,3
5699,1
5700,1
5701,3
5702,1
5703,1
5704,1
5705,1
5706,1
5707,2
5708,1
5709,3
5710,1
5711,1
5712,3
5713,3
5714,3
5715,1
5716,1
5717,1
5718,1
5719,1
5720,3
5721,1
5722,1
5723,1
5724,3
5725,3
5726,3
5727,1
5728,1
5729,3
5730,1
5731,3
5732,1
5733,3
5734,3
5735,3
5736,1
5737,1
5738,1
5739,3
5740,3
5741,1
5742,1
5743,1
5744,1
5745,1
5746,3
5747,3
5748,1
5749,1
5750,1
5751,1
5752,1
5753,3
5754,3
5755,1
5756,3
5757,1
5758,1
5759,1
5760,1
5761,3
5762,3
5763,1
5764,3
5765,1
5766,1
5767,1
5768,1
5769,3
5770,3
5771,1
5772,3
5773,1
5774,3
5775,3
5776,1
5777,1
5778,1
5779,1
5780,1
5781,1
5782,1
5783,1
5784,2
5785,1
5786,1
5787,1
5788,1
5789,1
5790,3
5791,3
5792,1
5793,1
5794,1
5795,3
5796,1
5797,1
5798,1
5799,3
5800,1
5801,3
5802,1
5803,1
5804,1
5805,1
5806,3
5807,2
5808,1
5809,1
5810,3
5811,1
5812,1
5813,3
5814,1
5815,1
5816,1
5817,1
5818,1
5819,1
5820,3
5821,1
5822,1
5823,3
5824,1
5825,1
5826,2
5827,1
5828,3
5829,1
5830,1
5831,1
5832,2
5833,1
5834,1
5835,1
5836,1
5837,1
5838,3
5839,1
5840,1
5841,3
5842,1
5843,1
5844,1
5845,3
5846,1
5847,1
5848,3
5849,1
5850,1
5851,3
5852,2
5853,3
5854,1
5855,1
5856,1
5857,1
5858,1
5859,3
5860,1
5861,1
5862,1
5863,1
5864,1
5865,2
5866,3
5867,1
5868,1
5869,3
5870,1
5871,2
5872,3
5873,1
5874,2
5875,3
5876,3
5877,3
5878,1
5879,3
5880,1
5881,1
5882,1
5883,3
5884,1
5885,3
5886,3
5887,1
5888,3
5889,1
5890,1
5891,3
5892,1
5893,1
5894,1
5895,1
5896,1
5897,1
5898,2
5899,3
5900,3
5901,1
5902,1
5903,3
5904,1
5905,1
5906,1
5907,3
5908,2
5909,3
5910,1
5911,1
5912,1
5913,1
5914,3
5915,1
5916,2
5917,3
5918,1
5919,1
5920,3
5921,1
5922,1
5923,1
5924,1
5925,1
5926,1
5927,1
5928,1
5929,2
5930,3
5931,3
5932,1
5933,3
5934,1
5935,3
5936,3
5937,1
5938,3
5939,3
5940,1
5941,1
5942,1
5943,3
5944,1
5945,1
5946,3
5947,3
5948,3
5949,1
5950,1
5951,1
5952,1
5953,2
5954,1
5955,1
5956,1
5957,1
5958,3
5959,1
5960,3
5961,3
5962,1
5963,1
5964,1
5965,1
5966,1
5967,3
5968,1
5969,1
5970,1
5971,1
5972,3
5973,1
5974,3
5975,3
5976,1
5977,1
5978,1
5979,3
5980,2
5981,3
5982,1
5983,3
5984,1
5985,1
5986,1
5987,3
5988,3
5989,1
5990,1
5991,1
5992,1
5993,1
5994,1
5995,3
5996,1
5997,1
5998,3
5999,1
6000,3
6001,3
6002,1
6003,1
6004,1
6005,3
6006,3
6007,1
6008,2
6009,1
6010,2
6011,1
6012,3
6013,1
6014,1
6015,1
6016,3
6017,1
6018,3
6019,3
6020,3
6021,3
6022,2
6023,1
6024,1
6025,3
6026,1
6027,3
6028,3
6029,1
6030,1
6031,1
6032,1
6033,1
6034,1
6035,3
6036,1
6037,1
6038,1
6039,1
6040,1
6041,1
6042,1
6043,1
6044,3
6045,1
6046,1
6047,3
6048,1
6049,3
6050,3
6051,1
6052,1
6053,1
6054,3
6055,2
6056,1
6057,1
6058,1
6059,3
6060,1
6061,1
6062,3
6063,1
6064,2
6065,3
6066,1
6067,1
6068,1
6069,1
6070,1
6071,3
6072,3
6073,2
6074,1
6075,3
6076,1
6077,1
6078,1
6079,1
6080,1
6081,2
6082,3
6083,1
6084,3
6085,1
6086,1
6087,1
6088,1
6089,1
6090,1
6091,1
6092,3
6093,3
6094,1
6095,1
6096,1
6097,1
6098,1
6099,3
6100,1
6101,3
6102,1
6103,3
6104,1
6105,3
6106,1
6107,3
6108,1
6109,3
6110,3
6111,1
6112,1
6113,3
6114,1
6115,1
6116,3
6117,1
6118,3
6119,3
6120,1
6121,2
6122,1
6123,1
6124,1
6125,3
6126,3
6127,3
6128,1
6129,3
6130,3
6131,3
6132,1
6133,2
6134,1
6135,2
6136,3
6137,1
6138,1
6139,1
6140,1
6141,3
6142,3
6143,1
6144,3
6145,1
6146,1
6147,3
6148,2
6149,1
6150,3
6151,1
6152,1
6153,1
6154,1
6155,3
6156,3
6157,1
6158,3
6159,1
6160,3
6161,1
6162,1
6163,3
6164,1
6165,1
6166,3
6167,1
6168,3
6169,1
6170,3
6171,3
6172,1
6173,3
6174,1
6175,1
6176,1
6177,3
6178,1
6179,3
6180,1
6181,1
6182,1
6183,1
6184,1
6185,3
6186,1
6187,1
6188,1
6189,1
6190,1
6191,2
6192,1
6193,3
6194,3
6195,2
6196,3
6197,3
6198,1
6199,1
6200,3
6201,3
6202,1
6203,1
6204,1
6205,1
6206,1
6207,1
6208,3
6209,3
6210,1
6211,1
6212,1
6213,3
6214,3
6215,1
6216,2
6217,2
6218,1
6219,3
6220,3
6221,1
6222,1
6223,1
6224,3
6225,1
6226,1
6227,1
6228,3
6229,1
6230,3
6231,1
6232,1
6233,1
6234,1
6235,1
6236,3
6237,1
6238,1
6239,3
6240,1
6241,1
6242,1
6243,1
6244,1
6245,1
6246,1
6247,3
6248,3
6249,1
6250,1
6251,1
6252,3
6253,1
6254,1
6255,1
6256,3
6257,1
6258,1
6259,2
6260,1
6261,1
6262,3
6263,1
6264,3
6265,3
6266,3
6267,2
6268,3
6269,1
6270,1
6271,3
6272,1
6273,1
6274,3
6275,3
6276,3
6277,1
6278,1
6279,3
6280,3
6281,2
6282,3
6283,1
6284,3
6285,3
6286,1
6287,3
6288,1
6289,1
6290,3
6291,3
6292,3
6293,1
6294,1
6295,1
6296,1
6297,1
6298,3
6299,3
6300,1
6301,1
6302,1
6303,1
6304,3
6305,3
6306,1
6307,1
6308,1
6309,3
6310,3
6311,1
6312,1
6313,3
6314,3
6315,1
6316,3
6317,1
6318,3
6319,3
6320,1
6321,1
6322,1
6323,3
6324,3
6325,1
6326,3
6327,1
6328,1
6329,1
6330,1
6331,3
6332,3
6333,3
6334,3
6335,3
6336,1
6337,3
6338,2
6339,1
6340,3
6341,1
6342,3
6343,1
6344,1
6345,1
6346,3
6347,1
6348,1
6349,1
6350,1
6351,2
6352,1
6353,3
6354,3
6355,1
6356,1
6357,2
6358,1
6359,1
6360,2
6361,1
6362,1
6363,1
6364,1
6365,3
6366,3
6367,1
6368,1
6369,1
6370,1
6371,1
6372,1
6373,1
6374,1
6375,3
6376,3
6377,1
6378,3
6379,1
6380,3
6381,3
6382,3
6383,1
6384,1
6385,1
6386,3
6387,3
6388,1
6389,3
6390,3
6391,3
6392,1
6393,1
6394,1
6395,1
6396,1
6397,1
6398,1
6399,1
6400,1
6401,1
6402,1
6403,1
6404,3
6405,3
6406,2
6407,1
6408,1
6409,1
6410,1
6411,3
6412,3
6413,1
6414,1
6415,3
6416,3
6417,3
6418,1
6419,3
6420,3
6421,1
6422,3
6423,2
6424,1
6425,1
6426,1
6427,1
6428,1
6429,1
6430,1
6431,1
6432,1
6433,2
6434,1
6435,3
6436,1
6437,1
6438,3
6439,1
6440,1
6441,1
6442,2
6443,1
6444,1
6445,2
6446,1
6447,2
6448,3
6449,1
6450,2
6451,3
6452,3
6453,2
6454,1
6455,1
6456,1
6457,1
6458,1
6459,2
6460,3
6461,3
6462,3
6463,1
6464,1
6465,1
6466,1
6467,3
6468,1
6469,1
6470,1
6471,2
6472,3
6473,3
6474,1
6475,2
6476,3
6477,1
6478,3
6479,3
6480,1
6481,1
6482,2
6483,1
6484,1
6485,1
6486,1
6487,1
6488,1
6489,1
6490,2
6491,1
6492,1
6493,1
6494,1
6495,1
6496,1
6497,1
6498,3
6499,1
6500,1
6501,1
6502,3
6503,1
6504,3
6505,1
6506,1
6507,1
6508,1
6509,1
6510,1
6511,3
6512,1
6513,2
6514,3
6515,1
6516,1
6517,2
6518,1
6519,3
6520,1
6521,3
6522,3
6523,3
6524,1
6525,1
6526,1
6527,3
6528,2
6529,3
6530,1
6531,1
6532,1
6533,1
6534,2
6535,1
6536,3
6537,2
6538,1
6539,1
6540,1
6541,1
6542,3
6543,1
6544,3
6545,3
6546,1
6547,3
6548,2
6549,1
6550,1
6551,1
6552,3
6553,1
6554,3
6555,1
6556,3
6557,1
6558,1
6559,1
6560,1
6561,1
6562,1
6563,3
6564,2
6565,1
6566,1
6567,1
6568,1
6569,3
6570,1
6571,1
6572,3
6573,2
6574,1
6575,3
6576,1
6577,1
6578,2
6579,3
6580,1
6581,1
6582,1
6583,1
6584,1
6585,1
6586,1
6587,1
6588,3
6589,1
6590,3
6591,3
6592,1
6593,1
6594,1
6595,1
6596,1
6597,1
6598,1
6599,1
6600,1
6601,1
6602,1
6603,3
6604,1
6605,1
6606,3
6607,1
6608,1
6609,1
6610,1
6611,1
6612,3
6613,1
6614,3
6615,1
6616,1
6617,1
6618,3
6619,1
6620,1
6621,1
6622,1
6623,1
6624,3
6625,1
6626,3
6627,1
6628,1
6629,1
6630,1
6631,1
6632,1
6633,1
6634,1
6635,3
6636,3
6637,1
6638,3
6639,2
6640,3
6641,1
6642,1
6643,3
6644,1
6645,1
6646,1
6647,1
6648,1
6649,3
6650,1
6651,3
6652,1
6653,1
6654,2
6655,3
6656,3
6657,3
6658,1
6659,1
6660,1
6661,1
6662,3
6663,3
6664,1
6665,1
6666,1
6667,1
6668,1
6669,3
6670,1
6671,1
6672,1
6673,1
6674,3
6675,2
6676,3
6677,3
6678,3
6679,1
6680,1
6681,3
6682,1
6683,1
6684,3
6685,3
6686,1
6687,1
6688,1
6689,1
6690,3
6691,1
6692,1
6693,3
6694,1
6695,1
6696,1
6697,3
6698,2
6699,1
6700,1
6701,1
6702,1
6703,1
6704,3
6705,3
6706,3
6707,1
6708,3
6709,1
6710,3
6711,1
6712,1
6713,1
6714,1
6715,2
6716,1
6717,3
6718,3
6719,1
6720,2
6721,1
6722,1
6723,1
6724,1
6725,1
6726,3
6727,1
6728,1
6729,3
6730,1
6731,3
6732,1
6733,1
6734,1
6735,1
6736,1
6737,1
6738,1
6739,1
6740,1
6741,3
6742,3
6743,3
6744,3
6745,1
6746,3
6747,1
6748,1
6749,3
6750,1
6751,3
6752,1
6753,3
6754,1
6755,3
6756,1
6757,3
6758,3
6759,3
6760,3
6761,1
6762,3
6763,1
6764,3
6765,3
6766,1
6767,3
6768,1
6769,3
6770,1
6771,3
6772,1
6773,3
6774,1
6775,3
6776,1
6777,3
6778,1
6779,3
6780,3
6781,1
6782,1
6783,1
6784,3
6785,3
6786,1
6787,1
6788,3
6789,3
6790,1
6791,1
6792,2
6793,1
6794,1
6795,3
6796,1
6797,1
6798,1
6799,3
6800,1
6801,1
6802,3
6803,3
6804,1
6805,3
6806,3
6807,1
6808,3
6809,1
6810,1
6811,3
6812,3
6813,3
6814,1
6815,3
6816,1
6817,1
6818,1
6819,1
6820,3
6821,1
6822,1
6823,1
6824,1
6825,1
6826,2
6827,1
6828,1
6829,1
6830,1
6831,3
6832,3
6833,1
6834,3
6835,3
6836,2
6837,3
6838,1
6839,3
6840,1
6841,3
6842,1
6843,1
6844,1
6845,1
6846,1
6847,1
6848,1
6849,3
6850,1
6851,1
6852,3
6853,1
6854,3
6855,1
6856,3
6857,3
6858,3
6859,1
6860,1
6861,3
6862,3
6863,1
6864,1
6865,1
6866,2
6867,1
6868,3
6869,1
6870,1
6871,1
6872,1
6873,3
6874,2
6875,1
6876,1
6877,1
6878,3
6879,1
6880,1
6881,1
6882,1
6883,1
6884,3
6885,3
6886,3
6887,3
6888,1
6889,3
6890,3
6891,1
6892,3
6893,1
6894,1
6895,1
6896,1
6897,3
6898,1
6899,3
6900,1
6901,2
6902,1
6903,3
6904,1
6905,1
6906,1
6907,3
6908,3
6909,1
6910,3
6911,1
6912,1
6913,1
6914,1
6915,1
6916,3
6917,1
6918,1
6919,3
6920,1
6921,1
6922,1
6923,1
6924,1
6925,2
6926,3
6927,3
6928,1
6929,1
6930,1
6931,1
6932,1
6933,3
6934,1
6935,1
6936,1
6937,3
6938,1
6939,1
6940,1
6941,3
6942,1
6943,1
6944,3
6945,3
6946,1
6947,3
6948,1
6949,3
6950,2
6951,3
6952,3
6953,3
6954,3
6955,1
6956,1
6957,1
6958,1
6959,1
6960,1
6961,3
6962,3
6963,3
6964,1
6965,3
6966,1
6967,3
6968,1
6969,1
6970,3
6971,3
6972,3
6973,1
6974,1
6975,1
6976,2
6977,1
6978,3
6979,1
6980,1
6981,1
6982,1
6983,3
6984,1
6985,3
6986,1
6987,1
6988,1
6989,2
6990,3
6991,1
6992,3
6993,1
6994,2
6995,1
6996,1
6997,3
6998,1
6999,3
7000,1
7001,3
7002,3
7003,1
7004,1
7005,1
7006,1
7007,3
7008,1
7009,3
7010,1
7011,3
7012,1
7013,3
7014,3
7015,3
7016,1
7017,3
7018,3
7019,3
7020,1
7021,3
7022,1
7023,1
7024,3
7025,1
7026,1
7027,1
7028,1
7029,1
7030,1
7031,3
7032,2
7033,1
7034,3
7035,1
7036,1
7037,1
7038,1
7039,1
7040,3
7041,3
7042,1
7043,3
7044,3
7045,1
7046,1
7047,1
7048,1
7049,3
7050,3
7051,1
7052,1
7053,1
7054,1
7055,3
7056,3
7057,1
7058,3
7059,1
7060,1
7061,1
7062,1
7063,1
7064,1
7065,1
7066,1
7067,3
7068,3
7069,3
7070,1
7071,1
7072,3
7073,3
7074,1
7075,1
7076,1
7077,1
7078,1
7079,3
7080,3
7081,1
7082,1
7083,3
7084,3
7085,1
7086,1
7087,1
7088,1
7089,2
7090,3
7091,3
7092,1
7093,2
7094,1
7095,3
7096,1
7097,3
7098,3
7099,2
7100,3
7101,1
7102,1
7103,1
7104,1
7105,2
7106,1
7107,1
7108,1
7109,1
7110,1
7111,3
7112,3
7113,3
7114,3
7115,3
7116,1
7117,2
7118,1
7119,1
7120,1
7121,2
7122,2
7123,1
7124,3
7125,3
7126,1
7127,1
7128,3
7129,3
7130,1
7131,3
7132,3
7133,1
7134,1
7135,1
7136,1
7137,1
7138,3
7139,1
7140,1
7141,1
7142,1
7143,1
7144,1
7145,3
7146,3
7147,1
7148,1
7149,1
7150,1
7151,3
7152,3
7153,3
7154,2
7155,1
7156,3
7157,1
7158,1
7159,1
7160,1
7161,1
7162,3
7163,3
7164,1
7165,1
7166,3
7167,1
7168,3
7169,3
7170,1
7171,3
7172,1
7173,3
7174,1
7175,1
7176,3
7177,1
7178,1
7179,1
7180,3
7181,1
7182,3
7183,1
7184,1
7185,1
7186,3
7187,1
7188,3
7189,1
7190,1
7191,1
7192,1
7193,1
7194,1
7195,3
7196,1
7197,1
7198,2
7199,3
7200,1
7201,1
7202,3
7203,2
7204,1
7205,1
7206,3
7207,1
7208,3
7209,3
7210,1
7211,3
7212,3
7213,1
7214,3
7215,3
7216,3
7217,3
7218,3
7219,1
7220,3
7221,3
7222,1
7223,2
7224,1
7225,1
7226,1
7227,3
7228,3
7229,3
7230,1
7231,3
7232,1
7233,1
7234,1
7235,1
7236,3
7237,1
7238,1
7239,3
7240,1
7241,3
7242,3
7243,1
7244,3
7245,1
7246,3
7247,1
7248,3
7249,1
7250,2
7251,2
7252,1
7253,1
7254,2
7255,1
7256,3
7257,3
7258,1
7259,3
7260,1
7261,3
7262,1
7263,3
7264,1
7265,3
7266,1
7267,3
7268,3
7269,3
7270,1
7271,3
7272,1
7273,1
7274,1
7275,2
7276,1
7277,1
7278,1
7279,3
7280,3
7281,2
7282,3
7283,1
7284,1
7285,3
7286,1
7287,1
7288,1
7289,1
7290,1
7291,3
7292,2
7293,1
7294,3
7295,1
7296,1
7297,1
7298,3
7299,1
7300,3
7301,3
7302,2
7303,1
7304,3
7305,1
7306,1
7307,2
7308,1
7309,1
7310,1
7311,3
7312,2
7313,1
7314,3
7315,1
7316,1
7317,1
7318,1
7319,3
7320,3
7321,1
7322,1
7323,1
7324,1
7325,1
7326,1
7327,1
7328,1
7329,1
7330,3
7331,1
7332,3
7333,2
7334,1
7335,1
7336,1
7337,1
7338,1
7339,3
7340,3
7341,1
7342,1
7343,1
7344,1
7345,1
7346,3
7347,3
7348,1
7349,1
7350,1
7351,1
7352,1
7353,3
7354,1
7355,3
7356,1
7357,3
7358,1
7359,1
7360,1
7361,1
7362,1
7363,3
7364,1
7365,1
7366,1
7367,1
7368,1
7369,1
7370,1
7371,3
7372,1
7373,1
7374,3
7375,3
7376,1
7377,1
7378,1
7379,3
7380,1
7381,3
7382,2
7383,1
7384,1
7385,1
7386,1
7387,1
7388,1
7389,1
7390,2
7391,3
7392,1
7393,1
7394,3
7395,1
7396,1
7397,1
7398,3
7399,1
7400,1
7401,1
7402,1
7403,1
7404,2
7405,1
7406,1
7407,1
7408,3
7409,1
7410,1
7411,1
7412,1
7413,3
7414,2
7415,1
7416,1
7417,3
7418,1
7419,1
7420,1
7421,1
7422,3
7423,1
7424,1
7425,3
7426,3
7427,1
7428,1
7429,1
7430,1
7431,3
7432,3
7433,1
7434,1
7435,2
7436,1
7437,1
7438,1
7439,1
7440,3
7441,1
7442,3
7443,1
7444,3
7445,3
7446,3
7447,1
7448,1
7449,1
7450,3
7451,3
7452,1
7453,1
7454,1
7455,1
7456,3
7457,3
7458,3
7459,1
7460,1
7461,3
7462,1
7463,3
7464,1
7465,3
7466,1
7467,2
7468,3
7469,1
7470,2
7471,1
7472,2
7473,1
7474,1
7475,1
7476,1
7477,1
7478,3
7479,1
7480,3
7481,3
7482,1
7483,2
7484,1
7485,1
7486,3
7487,2
7488,3
7489,3
7490,3
7491,1
7492,1
7493,1
7494,1
7495,1
7496,1
7497,1
7498,1
7499,3
7500,1
7501,1
7502,1
7503,3
7504,3
7505,1
7506,1
7507,3
7508,1
7509,3
7510,1
7511,3
7512,1
7513,1
7514,1
7515,3
7516,1
7517,1
7518,3
7519,2
7520,1
7521,1
7522,2
7523,1
7524,1
7525,1
7526,1
7527,1
7528,3
7529,1
7530,3
7531,1
7532,1
7533,1
7534,1
7535,1
7536,1
7537,3
7538,1
7539,3
7540,1
7541,3
7542,1
7543,1
7544,1
7545,1
7546,3
7547,1
7548,1
7549,3
7550,1
7551,1
7552,1
7553,1
7554,1
7555,3
7556,1
7557,1
7558,1
7559,1
7560,3
7561,3
7562,1
7563,1
7564,1
7565,1
7566,3
7567,1
7568,3
7569,1
7570,3
7571,1
7572,1
7573,3
7574,3
7575,1
7576,1
7577,3
7578,1
7579,3
7580,3
7581,1
7582,3
7583,1
7584,1
7585,1
7586,1
7587,2
7588,3
7589,1
7590,1
7591,1
7592,3
7593,3
7594,1
7595,3
7596,1
7597,3
7598,3
7599,3
7600,2
7601,3
7602,1
7603,1
7604,1
7605,1
7606,3
7607,1
7608,1
7609,2
7610,1
7611,3
7612,1
7613,1
7614,1
7615,3
7616,1
7617,1
7618,1
7619,3
7620,3
7621,3
7622,1
7623,3
7624,1
7625,3
7626,1
7627,3
7628,3
7629,1
7630,1
7631,3
7632,1
7633,1
7634,3
7635,3
7636,1
7637,3
7638,1
7639,1
7640,1
7641,3
7642,1
7643,1
7644,1
7645,1
7646,2
7647,1
7648,1
7649,1
7650,1
7651,3
7652,1
7653,1
7654,3
7655,1
7656,3
7657,1
7658,1
7659,3
7660,1
7661,1
7662,3
7663,1
7664,3
7665,1
7666,3
7667,3
7668,3
7669,1
7670,3
7671,1
7672,1
7673,2
7674,1
7675,1
7676,1
7677,2
7678,1
7679,1
7680,3
7681,3
7682,1
7683,3
7684,1
7685,1
7686,1
7687,1
7688,1
7689,3
7690,3
7691,3
7692,1
7693,1
7694,3
7695,1
7696,3
7697,3
7698,1
7699,1
7700,1
7701,1
7702,1
7703,1
7704,1
7705,1
7706,1
7707,1
7708,1
7709,1
7710,1
7711,1
7712,1
7713,1
7714,1
7715,1
7716,1
7717,3
7718,1
7719,1
7720,1
7721,3
7722,1
7723,1
7724,1
7725,1
7726,1
7727,1
7728,3
7729,1
7730,1
7731,1
7732,1
7733,3
7734,1
7735,1
7736,1
7737,1
7738,1
7739,1
7740,1
7741,1
7742,1
7743,1
7744,1
7745,1
7746,1
7747,1
7748,1
7749,1
7750,1
7751,1
7752,2
7753,1
7754,3
7755,3
7756,1
7757,1
7758,3
7759,3
7760,3
7761,2
7762,3
7763,1
7764,1
7765,1
7766,1
7767,1
7768,3
7769,1
7770,3
7771,1
7772,3
7773,1
7774,1
7775,3
7776,1
7777,3
7778,1
7779,1
7780,3
7781,1
7782,1
7783,1
7784,3
7785,3
7786,1
7787,1
7788,3
7789,1
7790,1
7791,1
7792,1
7793,1
7794,1
7795,1
7796,1
7797,1
7798,3
7799,3
7800,1
7801,1
7802,1
7803,3
7804,1
7805,1
7806,1
7807,1
7808,1
7809,1
7810,3
7811,1
7812,1
7813,1
7814,1
7815,3
7816,3
7817,1
7818,1
7819,1
7820,1
7821,1
7822,1
7823,1
7824,3
7825,2
7826,1
7827,2
7828,1
7829,3
7830,3
7831,3
7832,1
7833,1
7834,3
7835,1
7836,3
7837,3
7838,2
7839,1
7840,1
7841,3
7842,1
7843,1
7844,3
7845,1
7846,3
7847,1
7848,1
7849,1
7850,1
7851,3
7852,1
7853,2
7854,3
7855,1
7856,1
7857,1
7858,3
7859,3
7860,3
7861,1
7862,1
7863,3
7864,1
7865,1
7866,1
7867,1
7868,2
7869,2
7870,3
7871,1
7872,3
7873,1
7874,2
7875,1
7876,1
7877,1
7878,1
7879,1
7880,1
7881,1
7882,1
7883,1
7884,3
7885,1
7886,1
7887,1
7888,1
7889,1
7890,1
7891,1
7892,3
7893,3
7894,1
7895,2
7896,3
7897,3
7898,1
7899,2
7900,1
7901,1
7902,1
7903,1
7904,1
7905,1
7906,1
7907,1
7908,1
7909,1
7910,1
7911,3
7912,1
7913,1
7914,3
7915,1
7916,3
7917,3
7918,1
7919,1
7920,1
7921,1
7922,3
7923,1
7924,1
7925,1
7926,1
7927,1
7928,1
7929,1
7930,2
7931,2
7932,1
7933,3
7934,1
7935,3
7936,3
7937,3
7938,1
7939,3
7940,3
7941,3
7942,1
7943,3
7944,3
7945,3
7946,1
7947,3
7948,1
7949,1
7950,2
7951,1
7952,3
7953,1
7954,3
7955,1
7956,3
7957,1
7958,1
7959,3
7960,1
7961,3
7962,3
7963,1
7964,3
7965,1
7966,1
7967,3
7968,1
7969,3
7970,1
7971,1
7972,1
7973,1
7974,1
7975,2
7976,1
7977,1
7978,1
7979,1
7980,1
7981,1
7982,1
7983,3
7984,1
7985,1
7986,1
7987,1
7988,1
7989,1
7990,1
7991,1
7992,1
7993,3
7994,1
7995,2
7996,2
7997,1
7998,1
7999,1
8000,1
8001,1
8002,1
8003,1
8004,1
8005,1
8006,1
8007,1
8008,1
8009,3
8010,3
8011,1
8012,1
8013,1
8014,3
8015,3
8016,1
8017,1
8018,1
8019,1
8020,3
8021,3
8022,1
8023,1
8024,1
8025,1
8026,3
8027,1
8028,1
8029,1
8030,3
8031,1
8032,1
8033,1
8034,1
8035,3
8036,1
8037,1
8038,2
8039,2
8040,3
8041,1
8042,3
8043,1
8044,3
8045,1
8046,2
8047,1
8048,3
8049,1
8050,1
8051,1
8052,3
8053,1
8054,1
8055,2
8056,1
8057,1
8058,1
8059,1
8060,2
8061,2
8062,3
8063,1
8064,3
8065,3
8066,1
8067,1
8068,1
8069,1
8070,3
8071,3
8072,1
8073,1
8074,1
8075,3
8076,1
8077,1
8078,3
8079,1
8080,1
8081,3
8082,3
8083,1
8084,3
8085,1
8086,1
8087,1
8088,3
8089,3
8090,1
8091,1
8092,1
8093,1
8094,1
8095,1
8096,1
8097,3
8098,2
8099,2
8100,1
8101,1
8102,3
8103,3
8104,3
8105,1
8106,3
8107,3
8108,3
8109,3
8110,3
8111,3
8112,2
8113,3
8114,3
8115,1
8116,1
8117,1
8118,1
8119,1
8120,1
8121,1
8122,1
8123,3
8124,2
8125,2
8126,1
8127,1
8128,1
8129,2
8130,1
8131,3
8132,1
8133,1
8134,1
8135,3
8136,3
8137,1
8138,1
8139,1
8140,1
8141,2
8142,1
8143,3
8144,1
8145,1
8146,1
8147,1
8148,1
8149,3
8150,1
8151,1
8152,1
8153,1
8154,1
8155,1
8156,1
8157,1
8158,1
8159,1
8160,1
8161,3
8162,1
8163,2
8164,1
8165,1
8166,3
8167,3
8168,3
8169,1
8170,3
8171,1
8172,3
8173,3
8174,1
8175,2
8176,2
8177,1
8178,1
8179,1
8180,1
8181,2
8182,2
8183,1
8184,1
8185,1
8186,2
8187,3
8188,2
8189,1
8190,1
8191,1
8192,1
8193,1
8194,3
8195,1
8196,1
8197,1
8198,1
8199,1
8200,1
8201,3
8202,1
8203,1
8204,1
8205,1
8206,1
8207,3
8208,3
8209,3
8210,1
8211,1
8212,1
8213,1
8214,1
8215,1
8216,1
8217,3
8218,3
8219,1
8220,3
8221,1
8222,1
8223,3
8224,1
8225,1
8226,1
8227,1
8228,3
8229,3
8230,1
8231,3
8232,1
8233,1
8234,1
8235,1
8236,1
8237,1
8238,1
8239,1
8240,3
8241,3
8242,3
8243,1
8244,3
8245,1
8246,1
8247,3
8248,3
8249,1
8250,3
8251,1
8252,1
8253,3
8254,3
8255,3
8256,1
8257,1
8258,3
8259,1
8260,3
8261,1
8262,1
8263,3
8264,3
8265,1
8266,1
8267,1
8268,1
8269,1
8270,1
8271,1
8272,1
8273,1
8274,2
8275,1
8276,1
8277,1
8278,1
8279,3
8280,2
8281,3
8282,1
8283,1
8284,1
8285,1
8286,2
8287,1
8288,1
8289,1
8290,3
8291,1
8292,3
8293,1
8294,1
8295,1
8296,3
8297,3
8298,3
8299,1
8300,3
8301,1
8302,1
8303,1
8304,3
8305,1
8306,2
8307,1
8308,1
8309,1
8310,3
8311,2
8312,1
8313,1
8314,3
8315,1
8316,1
8317,1
8318,3
8319,2
8320,3
8321,1
8322,1
8323,1
8324,3
8325,3
8326,1
8327,1
8328,1
8329,2
8330,1
8331,1
8332,1
8333,1
8334,1
8335,1
8336,1
8337,3
8338,2
8339,3
8340,3
8341,1
8342,1
8343,1
8344,3
8345,1
8346,1
8347,1
8348,1
8349,1
8350,1
8351,3
8352,1
8353,1
8354,3
8355,1
8356,1
8357,2
8358,1
8359,3
8360,1
8361,1
8362,1
8363,3
8364,3
8365,1
8366,2
8367,3
8368,3
8369,3
8370,3
8371,3
8372,3
8373,3
8374,1
8375,1
8376,3
8377,3
8378,1
8379,1
8380,2
8381,1
8382,1
8383,3
8384,3
8385,1
8386,1
8387,1
8388,1
8389,1
8390,2
8391,1
8392,1
8393,1
8394,2
8395,3
8396,1
8397,2
8398,1
8399,1
8400,1
8401,3
8402,1
8403,1
8404,3
8405,1
8406,1
8407,1
8408,1
8409,1
8410,1
8411,2
8412,1
8413,1
8414,3
8415,1
8416,1
8417,1
8418,1
8419,1
8420,1
8421,1
8422,1
8423,1
8424,1
8425,3
8426,3
8427,1
8428,1
8429,1
8430,2
8431,1
8432,1
8433,1
8434,1
8435,3
8436,3
8437,1
8438,1
8439,3
8440,1
8441,3
8442,1
8443,1
8444,1
8445,3
8446,1
8447,3
8448,3
8449,1
8450,1
8451,1
8452,3
8453,3
8454,1
8455,1
8456,1
8457,1
8458,1
8459,1
8460,3
8461,3
8462,3
8463,1
8464,1
8465,1
8466,1
8467,1
8468,3
8469,1
8470,3
8471,3
8472,3
8473,1
8474,2
8475,3
8476,1
8477,3
8478,3
8479,1
8480,3
8481,3
8482,1
8483,1
8484,1
8485,3
8486,3
8487,1
8488,3
8489,3
8490,3
8491,1
8492,1
8493,1
8494,1
8495,1
8496,1
8497,2
8498,3
8499,2
8500,3
8501,2
8502,1
8503,3
8504,1
8505,3
8506,3
8507,3
8508,1
8509,1
8510,1
8511,3
8512,1
8513,1
8514,2
8515,1
8516,2
8517,3
8518,1
8519,1
8520,1
8521,1
8522,1
8523,1
8524,1
8525,1
8526,1
8527,3
8528,1
8529,3
8530,3
8531,1
8532,1
8533,2
8534,1
8535,1
8536,3
8537,1
8538,3
8539,1
8540,1
8541,1
8542,1
8543,1
8544,1
8545,1
8546,3
8547,3
8548,1
8549,1
8550,1
8551,2
8552,1
8553,1
8554,1
8555,1
8556,3
8557,1
8558,1
8559,1
8560,1
8561,1
8562,1
8563,1
8564,1
8565,1
8566,2
8567,3
8568,1
8569,1
8570,1
8571,1
8572,3
8573,1
8574,1
8575,1
8576,1
8577,3
8578,1
8579,1
8580,1
8581,1
8582,1
8583,1
8584,3
8585,3
8586,1
8587,1
8588,3
8589,1
8590,1
8591,3
8592,1
8593,1
8594,3
8595,1
8596,1
8597,3
8598,3
8599,1
8600,3
8601,1
8602,1
8603,3
8604,3
8605,1
8606,1
8607,1
8608,1
8609,1
8610,1
8611,1
8612,3
8613,3
8614,1
8615,1
8616,1
8617,1
8618,2
8619,3
8620,2
8621,1
8622,3
8623,1
8624,1
8625,1
8626,3
8627,1
8628,1
8629,1
8630,1
8631,3
8632,1
8633,1
8634,1
8635,3
8636,1
8637,1
8638,3
8639,1
8640,3
8641,1
8642,1
8643,1
8644,1
8645,1
8646,1
8647,3
8648,1
8649,3
8650,3
8651,3
8652,3
8653,3
8654,1
8655,3
8656,1
8657,1
8658,1
8659,3
8660,1
8661,3
8662,1
8663,1
8664,1
8665,1
8666,2
8667,2
8668,1
8669,3
8670,3
8671,3
8672,1
8673,1
8674,2
8675,3
8676,3
8677,3
8678,1
8679,3
8680,1
8681,3
8682,1
8683,3
8684,1
8685,3
8686,3
8687,1
8688,1
8689,1
8690,2
8691,3
8692,1
8693,1
8694,1
8695,1
8696,3
8697,2
8698,3
8699,1
8700,1
8701,1
8702,1
8703,1
8704,1
8705,1
8706,1
8707,2
8708,3
8709,3
8710,1
8711,1
8712,1
8713,1
8714,1
8715,1
8716,1
8717,3
8718,1
8719,3
8720,1
8721,1
8722,1
8723,1
8724,1
8725,1
8726,3
8727,1
8728,3
8729,3
8730,2
8731,1
8732,3
8733,2
8734,1
8735,3
8736,1
8737,1
8738,3
8739,3
8740,3
8741,1
8742,1
8743,3
8744,1
8745,1
8746,3
8747,3
8748,1
8749,1
8750,1
8751,1
8752,1
8753,1
8754,1
8755,1
8756,3
8757,1
8758,1
8759,1
8760,1
8761,3
8762,2
8763,1
8764,1
8765,3
8766,1
8767,1
8768,1
8769,3
8770,1
8771,1
8772,1
8773,3
8774,1
8775,3
8776,3
8777,1
8778,3
8779,2
8780,1
8781,1
8782,1
8783,1
8784,1
8785,1
8786,3
8787,1
8788,1
8789,1
8790,1
8791,1
8792,1
8793,1
8794,3
8795,3
8796,3
8797,1
8798,3
8799,3
8800,3
8801,2
8802,1
8803,1
8804,3
8805,3
8806,3
8807,3
8808,1
8809,1
8810,1
8811,3
8812,3
8813,1
8814,1
8815,3
8816,1
8817,1
8818,1
8819,1
8820,1
8821,1
8822,3
8823,2
8824,1
8825,3
8826,1
8827,1
8828,1
8829,1
8830,3
8831,1
8832,3
8833,2
8834,1
8835,3
8836,3
8837,3
8838,1
8839,1
8840,1
8841,2
8842,3
8843,2
8844,1
8845,3
8846,1
8847,3
8848,1
8849,1
8850,1
8851,1
8852,1
8853,1
8854,1
8855,1
8856,1
8857,1
8858,3
8859,1
8860,3
8861,1
8862,1
8863,1
8864,3
8865,1
8866,1
8867,1
8868,1
8869,1
8870,3
8871,1
8872,3
8873,3
8874,3
8875,2
8876,1
8877,1
8878,1
8879,1
8880,1
8881,3
8882,3
8883,1
8884,1
8885,1
8886,3
8887,1
8888,3
8889,1
8890,1
8891,1
8892,3
8893,1
8894,1
8895,3
8896,1
8897,1
8898,1
8899,2
8900,2
8901,2
8902,3
8903,3
8904,3
8905,1
8906,1
8907,1
8908,1
8909,1
8910,1
8911,1
8912,1
8913,1
8914,2
8915,3
8916,1
8917,1
8918,3
8919,1
8920,3
8921,1
8922,1
8923,1
8924,1
8925,3
8926,1
8927,1
8928,1
8929,3
8930,1
8931,1
8932,1
8933,3
8934,2
8935,2
8936,1
8937,3
8938,1
8939,3
8940,3
8941,2
8942,1
8943,1
8944,1
8945,3
8946,1
8947,1
8948,3
8949,1
8950,1
8951,1
8952,1
8953,3
8954,3
8955,1
8956,1
8957,1
8958,2
8959,3
8960,1
8961,1
8962,1
8963,1
8964,3
8965,1
8966,3
8967,1
8968,3
8969,1
8970,1
8971,3
8972,2
8973,1
8974,3
8975,1
8976,3
8977,3
8978,1
8979,3
8980,3
8981,1
8982,1
8983,1
8984,1
8985,3
8986,1
8987,3
8988,1
8989,3
8990,3
8991,3
8992,1
8993,1
8994,1
8995,1
8996,1
8997,2
8998,1
8999,1
9000,1
9001,3
9002,1
9003,2
9004,1
9005,1
9006,1
9007,1
9008,3
9009,2
9010,1
9011,3
9012,1
9013,1
9014,1
9015,1
9016,1
9017,1
9018,1
9019,3
9020,3
9021,3
9022,3
9023,3
9024,1
9025,1
9026,3
9027,3
9028,1
9029,1
9030,1
9031,1
9032,1
9033,2
9034,1
9035,1
9036,1
9037,1
9038,3
9039,1
9040,1
9041,2
9042,3
9043,3
9044,1
9045,1
9046,1
9047,1
9048,1
9049,1
9050,1
9051,1
9052,3
9053,1
9054,3
9055,1
9056,3
9057,1
9058,1
9059,1
9060,1
9061,3
9062,1
9063,3
9064,1
9065,2
9066,2
9067,1
9068,3
9069,1
9070,2
9071,1
9072,1
9073,1
9074,1
9075,1
9076,3
9077,1
9078,3
9079,2
9080,1
9081,3
9082,3
9083,1
9084,1
9085,1
9086,3
9087,3
9088,1
9089,1
9090,1
9091,1
9092,1
9093,2
9094,1
9095,1
9096,1
9097,1
9098,3
9099,3
9100,3
9101,1
9102,1
9103,1
9104,1
9105,1
9106,1
9107,1
9108,1
9109,1
9110,1
9111,3
9112,1
9113,3
9114,1
9115,1
9116,3
9117,1
9118,1
9119,1
9120,1
9121,1
9122,1
9123,3
9124,1
9125,1
9126,1
9127,1
9128,3
9129,1
9130,1
9131,3
9132,3
9133,1
9134,3
9135,1
9136,1
9137,2
9138,1
9139,1
9140,1
9141,1
9142,3
9143,1
9144,2
9145,1
9146,3
9147,1
9148,1
9149,3
9150,3
9151,1
9152,3
9153,3
9154,3
9155,3
9156,3
9157,3
9158,3
9159,3
9160,3
9161,1
9162,1
9163,2
9164,2
9165,3
9166,3
9167,1
9168,1
9169,1
9170,1
9171,1
9172,1
9173,1
9174,1
9175,3
9176,1
9177,3
9178,3
9179,3
9180,1
9181,1
9182,3
9183,1
9184,3
9185,1
9186,1
9187,3
9188,1
9189,3
9190,1
9191,1
9192,1
9193,3
9194,3
9195,1
9196,1
9197,1
9198,3
9199,1
9200,1
9201,3
9202,1
9203,1
9204,1
9205,3
9206,1
9207,1
9208,1
9209,3
9210,1
9211,1
9212,2
9213,3
9214,3
9215,1
9216,1
9217,3
9218,3
9219,1
9220,1
9221,3
9222,1
9223,1
9224,3
9225,3
9226,1
9227,1
9228,1
9229,1
9230,1
9231,3
9232,3
9233,1
9234,1
9235,3
9236,1
9237,1
9238,1
9239,1
9240,3
9241,3
9242,3
9243,1
9244,3
9245,3
9246,1
9247,1
9248,1
9249,2
9250,1
9251,2
9252,1
9253,1
9254,1
9255,3
9256,3
9257,1
9258,1
9259,3
9260,1
9261,1
9262,1
9263,3
9264,1
9265,1
9266,1
9267,3
9268,3
9269,1
9270,2
9271,1
9272,1
9273,1
9274,3
9275,3
9276,1
9277,1
9278,1
9279,1
9280,1
9281,1
9282,3
9283,3
9284,1
9285,1
9286,1
9287,1
9288,1
9289,2
9290,1
9291,1
9292,3
9293,1
9294,2
9295,1
9296,1
9297,1
9298,1
9299,1
9300,1
9301,1
9302,1
9303,1
9304,1
9305,1
9306,3
9307,1
9308,1
9309,1
9310,3
9311,2
9312,1
9313,1
9314,3
9315,3
9316,1
9317,3
9318,1
9319,1
9320,1
9321,1
9322,3
9323,1
9324,2
9325,1
9326,1
9327,1
9328,1
9329,1
9330,1
9331,1
9332,1
9333,3
9334,1
9335,1
9336,3
9337,3
9338,3
9339,1
9340,1
9341,1
9342,3
9343,1
9344,2
9345,3
9346,3
9347,1
9348,3
9349,2
9350,3
9351,3
9352,1
9353,1
9354,1
9355,1
9356,3
9357,3
9358,1
9359,1
9360,1
9361,1
9362,1
9363,3
9364,3
9365,3
9366,1
9367,1
9368,1
9369,1
9370,1
9371,1
9372,1
9373,1
9374,1
9375,1
9376,3
9377,1
9378,1
9379,1
9380,1
9381,1
9382,3
9383,1
9384,1
9385,1
9386,1
9387,1
9388,1
9389,1
9390,1
9391,2
9392,1
9393,1
9394,1
9395,3
9396,1
9397,1
9398,1
9399,2
9400,1
9401,1
9402,1
9403,1
9404,2
9405,3
9406,1
9407,1
9408,1
9409,1
9410,1
9411,1
9412,3
9413,1
9414,1
9415,2
9416,1
9417,1
9418,1
9419,1
9420,2
9421,3
9422,1
9423,1
9424,1
9425,1
9426,3
9427,3
9428,3
9429,3
9430,3
9431,1
9432,1
9433,3
9434,1
9435,1
9436,1
9437,1
9438,1
9439,3
9440,3
9441,3
9442,1
9443,1
9444,1
9445,1
9446,3
9447,3
9448,2
9449,1
9450,1
9451,1
9452,1
9453,1
9454,1
9455,1
9456,1
9457,1
9458,1
9459,1
9460,1
9461,1
9462,1
9463,1
9464,3
9465,1
9466,3
9467,1
9468,3
9469,3
9470,1
9471,1
9472,1
9473,1
9474,1
9475,1
9476,3
9477,3
9478,3
9479,3
9480,1
9481,1
9482,3
9483,1
9484,1
9485,1
9486,3
9487,1
9488,3
9489,1
9490,2
9491,1
9492,1
9493,3
9494,1
9495,3
9496,1
9497,3
9498,1
9499,1
9500,1
9501,3
9502,1
9503,3
9504,1
9505,2
9506,1
9507,1
9508,3
9509,1
9510,3
9511,3
9512,3
9513,1
9514,1
9515,1
9516,3
9517,1
9518,3
9519,3
9520,2
9521,3
9522,1
9523,3
9524,1
9525,1
9526,1
9527,1
9528,1
9529,1
9530,1
9531,1
9532,3
9533,1
9534,3
9535,1
9536,3
9537,3
9538,1
9539,1
9540,1
9541,1
9542,1
9543,1
9544,1
9545,3
9546,3
9547,1
9548,1
9549,3
9550,1
9551,1
9552,3
9553,3
9554,3
9555,1
9556,3
9557,3
9558,1
9559,1
9560,1
9561,1
9562,1
9563,3
9564,2
9565,2
9566,2
9567,3
9568,1
9569,3
9570,1
9571,1
9572,3
9573,1
9574,1
9575,3
9576,1
9577,1
9578,1
9579,2
9580,3
9581,1
9582,3
9583,3
9584,1
9585,1
9586,1
9587,1
9588,1
9589,1
9590,1
9591,1
9592,1
9593,3
9594,3
9595,1
9596,1
9597,1
9598,1
9599,3
9600,1
9601,1
9602,1
9603,1
9604,1
9605,1
9606,1
9607,3
9608,1
9609,1
9610,1
9611,1
9612,1
9613,3
9614,1
9615,1
9616,1
9617,1
9618,1
9619,3
9620,1
9621,1
9622,1
9623,1
9624,1
9625,1
9626,1
9627,3
9628,1
9629,3
9630,1
9631,1
9632,3
9633,1
9634,3
9635,1
9636,1
9637,3
9638,2
9639,1
9640,3
9641,1
9642,3
9643,3
9644,1
9645,3
9646,3
9647,1
9648,3
9649,2
9650,1
9651,3
9652,1
9653,2
9654,3
9655,1
9656,1
9657,1
9658,3
9659,3
9660,3
9661,1
9662,1
9663,1
9664,3
9665,1
9666,3
9667,3
9668,1
9669,1
9670,1
9671,3
9672,1
9673,1
9674,1
9675,2
9676,3
9677,1
9678,3
9679,1
9680,2
9681,1
9682,1
9683,1
9684,1
9685,1
9686,3
9687,1
9688,1
9689,3
9690,1
9691,3
9692,1
9693,1
9694,1
9695,2
9696,1
9697,1
9698,3
9699,3
9700,3
9701,1
9702,1
9703,3
9704,1
9705,1
9706,3
9707,3
9708,1
9709,1
9710,1
9711,1
9712,3
9713,3
9714,1
9715,3
9716,3
9717,1
9718,1
9719,1
9720,1
9721,3
9722,1
9723,3
9724,1
9725,1
9726,1
9727,3
9728,1
9729,3
9730,2
9731,3
9732,1
9733,1
9734,3
9735,1
9736,3
9737,1
9738,1
9739,1
9740,3
9741,1
9742,1
9743,1
9744,3
9745,1
9746,3
9747,3
9748,1
9749,3
9750,1
9751,3
9752,1
9753,3
9754,3
9755,1
9756,2
9757,1
9758,1
9759,1
9760,1
9761,1
9762,3
9763,1
9764,3
9765,2
9766,1
9767,1
9768,1
9769,1
9770,1
9771,1
9772,2
9773,3
9774,2
9775,1
9776,1
9777,1
9778,1
9779,1
9780,1
9781,1
9782,1
9783,1
9784,1
9785,2
9786,3
9787,1
9788,1
9789,3
9790,3
9791,1
9792,3
9793,3
9794,3
9795,1
9796,1
9797,1
9798,3
9799,1
9800,3
9801,1
9802,1
9803,1
9804,3
9805,1
9806,3
9807,1
9808,1
9809,3
9810,1
9811,1
9812,1
9813,1
9814,1
9815,2
9816,1
9817,1
9818,2
9819,1
9820,3
9821,1
9822,1
9823,1
9824,1
9825,1
9826,1
9827,1
9828,1
9829,1
9830,1
9831,1
9832,3
9833,3
9834,1
9835,3
9836,1
9837,1
9838,1
9839,3
9840,1
9841,2
9842,1
9843,3
9844,3
9845,1
9846,1
9847,1
9848,3
9849,1
9850,3
9851,1
9852,3
9853,1
9854,1
9855,1
9856,1
9857,3
9858,3
9859,2
9860,1
9861,3
9862,1
9863,3
9864,1
9865,1
9866,1
9867,1
9868,3
9869,3
9870,1
9871,1
9872,3
9873,3
9874,1
9875,3
9876,1
9877,3
9878,1
9879,3
9880,2
9881,1
9882,1
9883,3
9884,3
9885,3
9886,1
9887,1
9888,3
9889,3
9890,1
9891,1
9892,1
9893,3
9894,1
9895,3
9896,1
9897,1
9898,1
9899,3
9900,3
9901,1
9902,1
9903,1
9904,2
9905,1
9906,1
9907,1
9908,1
9909,1
9910,2
9911,1
9912,3
9913,1
9914,3
9915,1
9916,3
9917,1
9918,1
9919,3
9920,3
9921,3
9922,3
9923,1
9924,1
9925,1
9926,1
9927,1
9928,1
9929,1
9930,3
9931,1
9932,1
9933,1
9934,3
9935,3
9936,3
9937,1
9938,3
9939,1
9940,3
9941,1
9942,1
9943,1
9944,1
9945,1
9946,1
9947,3
9948,1
9949,3
9950,3
9951,3
9952,3
9953,3
9954,1
9955,1
9956,1
9957,1
9958,1
9959,3
9960,3
9961,1
9962,3
9963,1
9964,3
9965,3
9966,1
9967,3
9968,1
9969,1
9970,3
9971,1
9972,1
9973,2
9974,1
9975,1
9976,3
9977,3
9978,1
9979,1
9980,3
9981,2
9982,1
9983,3
9984,1
9985,3
9986,1
9987,1
9988,2
9989,3
9990,1
9991,1
9992,1
9993,1
9994,1
9995,1
9996,1
9997,3
9998,3
9999,1
10000,2
