,predicted_class
1,3
2,3
3,3
4,3
5,3
6,3
7,3
8,3
9,3
10,3
11,1
12,3
13,1
14,3
15,3
16,3
17,1
18,3
19,3
20,3
21,3
22,3
23,1
24,1
25,3
26,1
27,1
28,3
29,1
30,3
31,3
32,1
33,3
34,1
35,1
36,3
37,3
38,3
39,3
40,1
41,1
42,1
43,1
44,3
45,3
46,3
47,3
48,3
49,3
50,1
51,3
52,1
53,1
54,3
55,3
56,3
57,3
58,3
59,3
60,3
61,3
62,1
63,1
64,3
65,1
66,3
67,3
68,3
69,3
70,3
71,1
72,3
73,3
74,3
75,1
76,3
77,1
78,3
79,1
80,1
81,1
82,3
83,3
84,1
85,3
86,1
87,3
88,3
89,1
90,1
91,1
92,3
93,1
94,3
95,3
96,1
97,3
98,3
99,3
100,3
101,1
102,3
103,1
104,3
105,3
106,1
107,3
108,3
109,1
110,1
111,1
112,3
113,1
114,1
115,3
116,3
117,3
118,3
119,1
120,1
121,3
122,3
123,3
124,1
125,3
126,3
127,3
128,3
129,1
130,1
131,3
132,1
133,1
134,1
135,1
136,1
137,3
138,3
139,1
140,3
141,3
142,1
143,3
144,1
145,1
146,3
147,3
148,1
149,1
150,3
151,3
152,1
153,1
154,1
155,1
156,3
157,3
158,3
159,3
160,1
161,1
162,1
163,1
164,3
165,1
166,3
167,3
168,3
169,1
170,3
171,3
172,3
173,3
174,3
175,3
176,1
177,3
178,3
179,3
180,3
181,3
182,3
183,3
184,3
185,1
186,1
187,1
188,3
189,1
190,3
191,3
192,3
193,3
194,3
195,3
196,1
197,3
198,3
199,3
200,3
201,3
202,1
203,1
204,1
205,3
206,1
207,1
208,3
209,1
210,3
211,3
212,1
213,1
214,3
215,3
216,3
217,3
218,1
219,3
220,3
221,3
222,1
223,3
224,1
225,3
226,1
227,3
228,3
229,1
230,1
231,1
232,1
233,3
234,1
235,1
236,1
237,3
238,3
239,3
240,3
241,1
242,1
243,3
244,1
245,3
246,3
247,1
248,3
249,3
250,3
251,3
252,1
253,1
254,1
255,1
256,3
257,3
258,3
259,1
260,1
261,1
262,3
263,3
264,3
265,3
266,3
267,3
268,3
269,1
270,1
271,1
272,1
273,1
274,3
275,3
276,1
277,3
278,3
279,1
280,3
281,3
282,1
283,3
284,1
285,1
286,3
287,3
288,1
289,3
290,3
291,3
292,3
293,1
294,1
295,3
296,3
297,3
298,1
299,3
300,3
301,1
302,3
303,1
304,1
305,3
306,1
307,3
308,3
309,3
310,1
311,3
312,3
313,3
314,3
315,1
316,1
317,3
318,3
319,1
320,3
321,3
322,1
323,1
324,1
325,3
326,1
327,3
328,3
329,1
330,3
331,1
332,3
333,1
334,1
335,3
336,3
337,1
338,1
339,1
340,1
341,1
342,1
343,1
344,1
345,1
346,1
347,3
348,3
349,3
350,3
351,3
352,3
353,3
354,3
355,3
356,1
357,3
358,3
359,1
360,1
361,3
362,1
363,3
364,1
365,3
366,3
367,1
368,1
369,3
370,1
371,1
372,3
373,3
374,1
375,1
376,3
377,1
378,3
379,3
380,3
381,1
382,1
383,3
384,3
385,1
386,3
387,3
388,1
389,1
390,1
391,3
392,1
393,3
394,1
395,1
396,1
397,3
398,1
399,1
400,1
401,1
402,3
403,1
404,3
405,1
406,1
407,3
408,1
409,1
410,1
411,1
412,1
413,3
414,1
415,1
416,1
417,3
418,1
419,3
420,3
421,1
422,1
423,1
424,3
425,1
426,1
427,3
428,3
429,3
430,3
431,3
432,3
433,3
434,3
435,1
436,3
437,1
438,3
439,1
440,1
441,3
442,3
443,1
444,1
445,3
446,3
447,3
448,1
449,1
450,3
451,1
452,1
453,3
454,3
455,1
456,1
457,3
458,3
459,3
460,3
461,1
462,3
463,1
464,3
465,1
466,3
467,3
468,3
469,3
470,3
471,3
472,3
473,1
474,3
475,1
476,1
477,1
478,3
479,1
480,1
481,3
482,1
483,1
484,1
485,1
486,3
487,1
488,3
489,3
490,1
491,3
492,1
493,1
494,3
495,1
496,1
497,3
498,3
499,3
500,1
501,3
502,1
503,3
504,1
505,3
506,3
507,1
508,3
509,3
510,3
511,1
512,1
513,1
514,3
515,3
516,3
517,3
518,1
519,1
520,1
521,3
522,3
523,3
524,3
525,3
526,3
527,3
528,1
529,1
530,3
531,3
532,3
533,1
534,3
535,3
536,1
537,3
538,1
539,3
540,3
541,1
542,3
543,3
544,1
545,3
546,1
547,3
548,3
549,1
550,1
551,1
552,3
553,3
554,1
555,3
556,3
557,3
558,3
559,1
560,1
561,3
562,3
563,3
564,3
565,1
566,1
567,3
568,3
569,1
570,1
571,1
572,3
573,1
574,3
575,1
576,3
577,3
578,1
579,3
580,3
581,3
582,1
583,1
584,3
585,1
586,1
587,1
588,3
589,3
590,1
591,3
592,1
593,1
594,3
595,1
596,3
597,3
598,1
599,3
600,3
601,1
602,1
603,3
604,1
605,3
606,3
607,3
608,1
609,1
610,1
611,3
612,1
613,3
614,3
615,3
616,1
617,3
618,3
619,1
620,3
621,3
622,1
623,3
624,1
625,3
626,1
627,3
628,3
629,3
630,1
631,1
632,1
633,3
634,1
635,1
636,3
637,3
638,1
639,1
640,1
641,3
642,3
643,1
644,1
645,1
646,3
647,1
648,1
649,1
650,1
651,1
652,3
653,3
654,1
655,1
656,3
657,3
658,1
659,3
660,1
661,1
662,3
663,1
664,3
665,1
666,3
667,3
668,3
669,1
670,3
671,1
672,1
673,1
674,3
675,1
676,1
677,3
678,3
679,3
680,3
681,3
682,1
683,1
684,1
685,1
686,1
687,1
688,1
689,1
690,3
691,1
692,3
693,1
694,1
695,1
696,1
697,3
698,3
699,1
700,3
701,1
702,3
703,3
704,3
705,1
706,3
707,1
708,3
709,3
710,1
711,3
712,1
713,3
714,1
715,3
716,3
717,1
718,3
719,1
720,1
721,1
722,3
723,3
724,1
725,3
726,1
727,1
728,1
729,1
730,1
731,3
732,3
733,3
734,3
735,1
736,3
737,3
738,1
739,1
740,3
741,3
742,1
743,3
744,1
745,3
746,3
747,1
748,1
749,1
750,3
751,1
752,1
753,3
754,3
755,1
756,3
757,3
758,3
759,3
760,1
761,1
762,3
763,1
764,3
765,1
766,1
767,3
768,3
769,1
770,3
771,3
772,3
773,3
774,3
775,1
776,1
777,1
778,1
779,1
780,3
781,3
782,1
783,1
784,3
785,3
786,1
787,3
788,3
789,1
790,3
791,3
792,1
793,3
794,3
795,1
796,1
797,3
798,3
799,3
800,3
801,1
802,3
803,1
804,1
805,3
806,3
807,3
808,1
809,3
810,3
811,3
812,1
813,3
814,3
815,3
816,1
817,1
818,3
819,3
820,3
821,3
822,1
823,3
824,1
825,3
826,3
827,3
828,3
829,1
830,3
831,3
832,3
833,3
834,1
835,1
836,3
837,1
838,1
839,1
840,3
841,1
842,3
843,3
844,3
845,3
846,1
847,1
848,3
849,1
850,3
851,1
852,1
853,1
854,1
855,3
856,1
857,1
858,1
859,1
860,3
861,1
862,1
863,1
864,1
865,3
866,3
867,1
868,3
869,3
870,1
871,1
872,1
873,3
874,3
875,3
876,3
877,3
878,1
879,1
880,3
881,1
882,3
883,1
884,3
885,3
886,1
887,3
888,1
889,3
890,3
891,3
892,3
893,1
894,3
895,3
896,3
897,1
898,1
899,3
900,1
901,1
902,3
903,1
904,3
905,3
906,3
907,3
908,3
909,1
910,1
911,3
912,1
913,1
914,3
915,1
916,3
917,3
918,1
919,1
920,3
921,3
922,3
923,3
924,1
925,3
926,1
927,3
928,3
929,3
930,1
931,3
932,1
933,3
934,3
935,1
936,3
937,3
938,3
939,1
940,3
941,3
942,1
943,1
944,3
945,3
946,3
947,3
948,3
949,3
950,3
951,3
952,1
953,1
954,3
955,1
956,1
957,1
958,1
959,3
960,1
961,3
962,1
963,3
964,1
965,1
966,3
967,3
968,3
969,1
970,1
971,1
972,3
973,1
974,1
975,3
976,3
977,3
978,3
979,3
980,3
981,3
982,3
983,1
984,3
985,3
986,1
987,1
988,1
989,3
990,3
991,3
992,1
993,3
994,1
995,3
996,3
997,3
998,3
999,1
1000,3
1001,1
1002,1
1003,3
1004,3
1005,1
1006,3
1007,1
1008,1
1009,3
1010,3
1011,3
1012,3
1013,1
1014,3
1015,3
1016,3
1017,1
1018,3
1019,3
1020,3
1021,3
1022,1
1023,3
1024,3
1025,3
1026,3
1027,1
1028,1
1029,3
1030,1
1031,1
1032,3
1033,3
1034,1
1035,1
1036,1
1037,3
1038,1
1039,1
1040,3
1041,1
1042,1
1043,3
1044,3
1045,3
1046,3
1047,1
1048,3
1049,3
1050,1
1051,3
1052,3
1053,3
1054,3
1055,1
1056,3
1057,3
1058,3
1059,3
1060,3
1061,1
1062,1
1063,1
1064,1
1065,3
1066,3
1067,3
1068,1
1069,3
1070,3
1071,1
1072,1
1073,1
1074,1
1075,1
1076,3
1077,1
1078,1
1079,1
1080,3
1081,3
1082,3
1083,3
1084,1
1085,1
1086,3
1087,3
1088,1
1089,1
1090,1
1091,1
1092,3
1093,3
1094,1
1095,1
1096,3
1097,3
1098,1
1099,3
1100,1
1101,3
1102,3
1103,3
1104,1
1105,3
1106,3
1107,3
1108,1
1109,1
1110,3
1111,1
1112,1
1113,3
1114,1
1115,1
1116,3
1117,3
1118,1
1119,1
1120,3
1121,1
1122,3
1123,1
1124,1
1125,1
1126,1
1127,1
1128,1
1129,1
1130,3
1131,3
1132,1
1133,3
1134,3
1135,3
1136,3
1137,1
1138,1
1139,3
1140,1
1141,3
1142,1
1143,3
1144,1
1145,3
1146,3
1147,3
1148,3
1149,3
1150,1
1151,1
1152,3
1153,3
1154,1
1155,3
1156,3
1157,1
1158,3
1159,3
1160,1
1161,3
1162,3
1163,3
1164,1
1165,3
1166,3
1167,1
1168,3
1169,1
1170,3
1171,3
1172,3
1173,3
1174,3
1175,3
1176,1
1177,1
1178,3
1179,3
1180,1
1181,3
1182,3
1183,3
1184,3
1185,3
1186,1
1187,3
1188,1
1189,1
1190,1
1191,1
1192,3
1193,1
1194,3
1195,3
1196,3
1197,1
1198,3
1199,1
1200,1
1201,3
1202,1
1203,3
1204,3
1205,3
1206,3
1207,3
1208,1
1209,1
1210,3
1211,3
1212,1
1213,1
1214,3
1215,1
1216,1
1217,1
1218,1
1219,3
1220,1
1221,3
1222,3
1223,3
1224,3
1225,3
1226,1
1227,1
1228,3
1229,1
1230,3
1231,1
1232,1
1233,1
1234,3
1235,3
1236,1
1237,3
1238,3
1239,3
1240,3
1241,3
1242,3
1243,3
1244,3
1245,3
1246,1
1247,3
1248,1
1249,1
1250,1
1251,3
1252,1
1253,3
1254,1
1255,3
1256,3
1257,3
1258,1
1259,3
1260,3
1261,3
1262,3
1263,3
1264,1
1265,1
1266,1
1267,1
1268,1
1269,1
1270,3
1271,1
1272,1
1273,3
1274,1
1275,1
1276,3
1277,3
1278,3
1279,3
1280,1
1281,3
1282,3
1283,3
1284,1
1285,3
1286,3
1287,1
1288,3
1289,1
1290,3
1291,1
1292,3
1293,3
1294,3
1295,3
1296,3
1297,1
1298,3
1299,3
1300,1
1301,1
1302,3
1303,1
1304,3
1305,1
1306,1
1307,1
1308,3
1309,3
1310,1
1311,1
1312,1
1313,1
1314,3
1315,1
1316,1
1317,3
1318,1
1319,1
1320,3
1321,1
1322,3
1323,3
1324,3
1325,1
1326,1
1327,3
1328,3
1329,3
1330,1
1331,1
1332,3
1333,1
1334,1
1335,3
1336,3
1337,1
1338,3
1339,1
1340,1
1341,1
1342,3
1343,1
1344,1
1345,1
1346,3
1347,3
1348,3
1349,1
1350,3
1351,3
1352,3
1353,1
1354,3
1355,3
1356,1
1357,1
1358,1
1359,3
1360,1
1361,1
1362,3
1363,3
1364,1
1365,3
1366,1
1367,3
1368,1
1369,3
1370,3
1371,1
1372,1
1373,1
1374,1
1375,3
1376,3
1377,1
1378,3
1379,1
1380,3
1381,3
1382,3
1383,3
1384,1
1385,1
1386,3
1387,1
1388,3
1389,1
1390,3
1391,3
1392,3
1393,3
1394,3
1395,1
1396,1
1397,3
1398,3
1399,1
1400,3
1401,1
1402,3
1403,3
1404,3
1405,1
1406,1
1407,3
1408,1
1409,3
1410,3
1411,3
1412,3
1413,1
1414,3
1415,1
1416,1
1417,3
1418,3
1419,1
1420,1
1421,3
1422,1
1423,3
1424,1
1425,3
1426,1
1427,1
1428,3
1429,3
1430,1
1431,1
1432,1
1433,1
1434,3
1435,1
1436,1
1437,3
1438,1
1439,1
1440,1
1441,1
1442,1
1443,1
1444,3
1445,3
1446,3
1447,3
1448,1
1449,1
1450,3
1451,3
1452,1
1453,1
1454,1
1455,3
1456,3
1457,1
1458,3
1459,3
1460,1
1461,1
1462,1
1463,1
1464,3
1465,3
1466,1
1467,1
1468,3
1469,3
1470,1
1471,3
1472,3
1473,3
1474,1
1475,3
1476,1
1477,3
1478,1
1479,3
1480,1
1481,3
1482,3
1483,1
1484,3
1485,1
1486,3
1487,1
1488,1
1489,1
1490,3
1491,3
1492,1
1493,1
1494,1
1495,3
1496,1
1497,3
1498,3
1499,1
1500,1
1501,3
1502,1
1503,1
1504,3
1505,3
1506,1
1507,3
1508,3
1509,3
1510,1
1511,1
1512,3
1513,3
1514,1
1515,1
1516,3
1517,1
1518,1
1519,1
1520,3
1521,3
1522,3
1523,3
1524,3
1525,1
1526,3
1527,1
1528,3
1529,3
1530,3
1531,3
1532,1
1533,3
1534,3
1535,3
1536,3
1537,1
1538,3
1539,1
1540,1
1541,1
1542,1
1543,3
1544,3
1545,3
1546,1
1547,3
1548,1
1549,3
1550,3
1551,1
1552,1
1553,3
1554,1
1555,3
1556,1
1557,1
1558,3
1559,3
1560,1
1561,3
1562,3
1563,3
1564,1
1565,1
1566,1
1567,3
1568,1
1569,1
1570,1
1571,3
1572,3
1573,3
1574,3
1575,1
1576,3
1577,3
1578,1
1579,1
1580,3
1581,3
1582,3
1583,1
1584,3
1585,1
1586,3
1587,3
1588,3
1589,3
1590,3
1591,3
1592,3
1593,3
1594,3
1595,1
1596,3
1597,1
1598,3
1599,1
1600,3
1601,3
1602,3
1603,1
1604,3
1605,1
1606,3
1607,3
1608,1
1609,3
1610,3
1611,3
1612,3
1613,1
1614,3
1615,3
1616,1
1617,1
1618,3
1619,1
1620,1
1621,1
1622,3
1623,3
1624,3
1625,1
1626,1
1627,1
1628,3
1629,1
1630,1
1631,3
1632,3
1633,3
1634,1
1635,3
1636,1
1637,3
1638,3
1639,3
1640,3
1641,3
1642,1
1643,3
1644,3
1645,1
1646,1
1647,3
1648,3
1649,3
1650,1
1651,1
1652,3
1653,1
1654,1
1655,1
1656,3
1657,1
1658,3
1659,3
1660,3
1661,3
1662,3
1663,1
1664,1
1665,3
1666,1
1667,1
1668,1
1669,3
1670,1
1671,1
1672,3
1673,3
1674,1
1675,1
1676,3
1677,3
1678,3
1679,1
1680,3
1681,3
1682,1
1683,3
1684,1
1685,3
1686,3
1687,3
1688,1
1689,1
1690,3
1691,3
1692,3
1693,1
1694,3
1695,3
1696,3
1697,1
1698,3
1699,3
1700,1
1701,1
1702,3
1703,1
1704,1
1705,3
1706,3
1707,3
1708,1
1709,3
1710,3
1711,3
1712,1
1713,1
1714,1
1715,3
1716,3
1717,3
1718,1
1719,1
1720,1
1721,3
1722,1
1723,3
1724,1
1725,1
1726,1
1727,1
1728,3
1729,1
1730,3
1731,1
1732,3
1733,1
1734,1
1735,3
1736,3
1737,3
1738,1
1739,1
1740,1
1741,1
1742,3
1743,3
1744,1
1745,1
1746,1
1747,3
1748,3
1749,3
1750,3
1751,1
1752,1
1753,1
1754,1
1755,1
1756,3
1757,3
1758,1
1759,3
1760,1
1761,3
1762,3
1763,3
1764,1
1765,3
1766,3
1767,3
1768,1
1769,3
1770,1
1771,1
1772,1
1773,1
1774,3
1775,3
1776,1
1777,3
1778,1
1779,1
1780,3
1781,1
1782,1
1783,3
1784,3
1785,3
1786,1
1787,1
1788,1
1789,3
1790,1
1791,1
1792,1
1793,1
1794,3
1795,1
1796,3
1797,3
1798,3
1799,3
1800,1
1801,1
1802,3
1803,3
1804,3
1805,1
1806,3
1807,3
1808,3
1809,3
1810,1
1811,1
1812,1
1813,1
1814,3
1815,3
1816,3
1817,3
1818,3
1819,1
1820,3
1821,3
1822,3
1823,3
1824,3
1825,3
1826,1
1827,3
1828,3
1829,1
1830,1
1831,3
1832,1
1833,1
1834,3
1835,3
1836,3
1837,1
1838,3
1839,1
1840,1
1841,3
1842,1
1843,1
1844,3
1845,1
1846,1
1847,3
1848,3
1849,3
1850,1
1851,3
1852,3
1853,3
1854,3
1855,1
1856,3
1857,3
1858,1
1859,3
1860,3
1861,3
1862,3
1863,3
1864,3
1865,1
1866,3
1867,1
1868,3
1869,1
1870,3
1871,3
1872,1
1873,3
1874,1
1875,3
1876,3
1877,3
1878,3
1879,3
1880,3
1881,3
1882,1
1883,1
1884,1
1885,1
1886,3
1887,3
1888,3
1889,3
1890,3
1891,3
1892,3
1893,3
1894,3
1895,3
1896,3
1897,3
1898,1
1899,3
1900,1
1901,1
1902,3
1903,3
1904,1
1905,1
1906,3
1907,3
1908,1
1909,3
1910,3
1911,3
1912,3
1913,3
1914,3
1915,1
1916,3
1917,1
1918,3
1919,1
1920,3
1921,3
1922,3
1923,1
1924,3
1925,3
1926,1
1927,1
1928,1
1929,3
1930,1
1931,1
1932,1
1933,1
1934,3
1935,3
1936,1
1937,3
1938,3
1939,3
1940,1
1941,3
1942,3
1943,3
1944,1
1945,3
1946,3
1947,3
1948,1
1949,1
1950,3
1951,3
1952,3
1953,1
1954,3
1955,3
1956,3
1957,1
1958,1
1959,3
1960,1
1961,3
1962,3
1963,3
1964,3
1965,3
1966,3
1967,1
1968,3
1969,3
1970,1
1971,3
1972,3
1973,1
1974,1
1975,3
1976,3
1977,3
1978,3
1979,3
1980,1
1981,1
1982,1
1983,3
1984,1
1985,3
1986,1
1987,3
1988,1
1989,3
1990,3
1991,3
1992,3
1993,3
1994,1
1995,3
1996,3
1997,1
1998,3
1999,1
2000,3
2001,3
2002,3
2003,1
2004,1
2005,3
2006,3
2007,3
2008,1
2009,3
2010,3
2011,1
2012,3
2013,1
2014,3
2015,3
2016,3
2017,3
2018,1
2019,3
2020,3
2021,1
2022,1
2023,1
2024,3
2025,1
2026,3
2027,1
2028,3
2029,1
2030,3
2031,1
2032,3
2033,1
2034,3
2035,1
2036,3
2037,3
2038,1
2039,3
2040,1
2041,1
2042,3
2043,3
2044,3
2045,1
2046,3
2047,1
2048,1
2049,3
2050,3
2051,1
2052,3
2053,3
2054,3
2055,3
2056,3
2057,3
2058,1
2059,1
2060,3
2061,3
2062,1
2063,3
2064,1
2065,1
2066,3
2067,1
2068,1
2069,3
2070,1
2071,3
2072,3
2073,3
2074,3
2075,3
2076,3
2077,3
2078,3
2079,1
2080,1
2081,1
2082,1
2083,3
2084,1
2085,1
2086,1
2087,3
2088,3
2089,3
2090,3
2091,3
2092,3
2093,3
2094,3
2095,3
2096,3
2097,3
2098,3
2099,3
2100,3
2101,1
2102,1
2103,3
2104,3
2105,3
2106,3
2107,3
2108,1
2109,1
2110,1
2111,1
2112,1
2113,1
2114,3
2115,1
2116,1
2117,1
2118,1
2119,1
2120,1
2121,3
2122,3
2123,1
2124,1
2125,1
2126,3
2127,1
2128,1
2129,3
2130,3
2131,3
2132,3
2133,3
2134,1
2135,1
2136,1
2137,1
2138,3
2139,3
2140,1
2141,1
2142,3
2143,3
2144,3
2145,3
2146,3
2147,1
2148,3
2149,3
2150,1
2151,3
2152,1
2153,3
2154,3
2155,1
2156,1
2157,3
2158,1
2159,1
2160,3
2161,3
2162,3
2163,1
2164,3
2165,1
2166,3
2167,3
2168,3
2169,3
2170,3
2171,3
2172,3
2173,3
2174,3
2175,3
2176,3
2177,3
2178,3
2179,1
2180,3
2181,3
2182,3
2183,3
2184,1
2185,3
2186,1
2187,3
2188,3
2189,3
2190,3
2191,3
2192,1
2193,3
2194,1
2195,1
2196,1
2197,1
2198,3
2199,1
2200,3
2201,1
2202,3
2203,3
2204,1
2205,3
2206,3
2207,3
2208,3
2209,3
2210,1
2211,3
2212,3
2213,3
2214,1
2215,1
2216,3
2217,3
2218,3
2219,3
2220,1
2221,1
2222,1
2223,3
2224,3
2225,1
2226,1
2227,3
2228,3
2229,3
2230,3
2231,3
2232,3
2233,3
2234,1
2235,3
2236,1
2237,1
2238,3
2239,3
2240,3
2241,1
2242,1
2243,3
2244,3
2245,1
2246,3
2247,1
2248,3
2249,1
2250,1
2251,1
2252,3
2253,1
2254,1
2255,3
2256,3
2257,1
2258,1
2259,1
2260,3
2261,3
2262,3
2263,3
2264,3
2265,1
2266,3
2267,1
2268,1
2269,1
2270,3
2271,1
2272,1
2273,3
2274,1
2275,3
2276,1
2277,1
2278,3
2279,1
2280,3
2281,1
2282,1
2283,3
2284,1
2285,1
2286,1
2287,1
2288,3
2289,1
2290,1
2291,3
2292,1
2293,3
2294,1
2295,3
2296,3
2297,1
2298,3
2299,3
2300,1
2301,1
2302,3
2303,1
2304,3
2305,3
2306,3
2307,3
2308,1
2309,3
2310,3
2311,1
2312,3
2313,1
2314,3
2315,1
2316,3
2317,1
2318,1
2319,1
2320,3
2321,3
2322,3
2323,3
2324,1
2325,3
2326,1
2327,1
2328,1
2329,1
2330,1
2331,3
2332,3
2333,3
2334,1
2335,1
2336,1
2337,3
2338,3
2339,3
2340,1
2341,1
2342,3
2343,1
2344,3
2345,1
2346,3
2347,3
2348,3
2349,3
2350,1
2351,3
2352,1
2353,3
2354,3
2355,3
2356,1
2357,1
2358,3
2359,3
2360,1
2361,3
2362,3
2363,3
2364,3
2365,3
2366,1
2367,1
2368,3
2369,1
2370,3
2371,1
2372,3
2373,3
2374,3
2375,3
2376,3
2377,1
2378,3
2379,3
2380,3
2381,3
2382,3
2383,3
2384,3
2385,3
2386,1
2387,3
2388,3
2389,3
2390,3
2391,1
2392,3
2393,3
2394,3
2395,3
2396,1
2397,3
2398,3
2399,3
2400,3
2401,1
2402,1
2403,1
2404,1
2405,3
2406,1
2407,3
2408,3
2409,1
2410,3
2411,1
2412,3
2413,1
2414,1
2415,3
2416,3
2417,3
2418,3
2419,3
2420,1
2421,3
2422,3
2423,3
2424,3
2425,1
2426,1
2427,1
2428,3
2429,3
2430,3
2431,1
2432,1
2433,3
2434,3
2435,1
2436,1
2437,3
2438,3
2439,1
2440,1
2441,3
2442,1
2443,3
2444,3
2445,1
2446,1
2447,3
2448,3
2449,1
2450,3
2451,3
2452,1
2453,1
2454,1
2455,1
2456,3
2457,1
2458,3
2459,3
2460,1
2461,1
2462,3
2463,3
2464,1
2465,1
2466,1
2467,3
2468,1
2469,3
2470,3
2471,1
2472,3
2473,1
2474,1
2475,1
2476,1
2477,1
2478,3
2479,1
2480,3
2481,3
2482,1
2483,3
2484,1
2485,1
2486,3
2487,3
2488,3
2489,1
2490,1
2491,3
2492,1
2493,1
2494,3
2495,3
2496,3
2497,3
2498,1
2499,3
2500,3
2501,1
2502,3
2503,1
2504,1
2505,3
2506,1
2507,3
2508,1
2509,1
2510,3
2511,3
2512,3
2513,1
2514,1
2515,1
2516,3
2517,3
2518,3
2519,3
2520,3
2521,1
2522,1
2523,1
2524,3
2525,3
2526,1
2527,3
2528,3
2529,3
2530,3
2531,1
2532,3
2533,3
2534,1
2535,1
2536,1
2537,3
2538,1
2539,3
2540,1
2541,1
2542,3
2543,3
2544,3
2545,1
2546,1
2547,3
2548,3
2549,1
2550,3
2551,3
2552,3
2553,1
2554,1
2555,3
2556,3
2557,1
2558,3
2559,3
2560,1
2561,1
2562,1
2563,1
2564,3
2565,3
2566,1
2567,3
2568,3
2569,3
2570,1
2571,3
2572,3
2573,3
2574,3
2575,3
2576,1
2577,1
2578,3
2579,3
2580,1
2581,3
2582,3
2583,1
2584,3
2585,1
2586,1
2587,3
2588,1
2589,1
2590,1
2591,1
2592,1
2593,3
2594,1
2595,3
2596,1
2597,3
2598,1
2599,3
2600,1
2601,1
2602,3
2603,1
2604,1
2605,3
2606,3
2607,1
2608,1
2609,3
2610,1
2611,1
2612,1
2613,3
2614,1
2615,1
2616,1
2617,3
2618,1
2619,3
2620,1
2621,3
2622,3
2623,1
2624,1
2625,1
2626,1
2627,1
2628,3
2629,3
2630,1
2631,3
2632,1
2633,3
2634,3
2635,1
2636,1
2637,1
2638,1
2639,3
2640,3
2641,1
2642,1
2643,3
2644,1
2645,3
2646,3
2647,3
2648,3
2649,3
2650,1
2651,3
2652,3
2653,3
2654,1
2655,1
2656,3
2657,3
2658,1
2659,3
2660,1
2661,1
2662,1
2663,1
2664,1
2665,3
2666,1
2667,3
2668,3
2669,1
2670,3
2671,3
2672,3
2673,3
2674,1
2675,3
2676,1
2677,1
2678,1
2679,1
2680,3
2681,3
2682,3
2683,1
2684,3
2685,3
2686,3
2687,1
2688,3
2689,3
2690,1
2691,1
2692,1
2693,1
2694,1
2695,1
2696,1
2697,3
2698,1
2699,3
2700,3
2701,1
2702,3
2703,1
2704,3
2705,1
2706,1
2707,3
2708,1
2709,3
2710,1
2711,3
2712,1
2713,3
2714,3
2715,1
2716,3
2717,1
2718,3
2719,1
2720,1
2721,3
2722,3
2723,3
2724,3
2725,3
2726,3
2727,1
2728,1
2729,1
2730,1
2731,1
2732,3
2733,1
2734,1
2735,3
2736,1
2737,1
2738,3
2739,1
2740,3
2741,3
2742,3
2743,1
2744,1
2745,3
2746,3
2747,1
2748,3
2749,1
2750,3
2751,3
2752,3
2753,1
2754,1
2755,3
2756,3
2757,1
2758,1
2759,1
2760,1
2761,1
2762,1
2763,1
2764,3
2765,3
2766,1
2767,3
2768,1
2769,3
2770,1
2771,1
2772,3
2773,3
2774,3
2775,3
2776,3
2777,3
2778,3
2779,3
2780,3
2781,1
2782,1
2783,1
2784,3
2785,1
2786,3
2787,3
2788,3
2789,1
2790,1
2791,1
2792,1
2793,1
2794,3
2795,1
2796,3
2797,3
2798,3
2799,1
2800,3
2801,1
2802,1
2803,3
2804,1
2805,3
2806,3
2807,1
2808,3
2809,1
2810,1
2811,1
2812,3
2813,1
2814,1
2815,3
2816,3
2817,1
2818,1
2819,1
2820,1
2821,1
2822,3
2823,3
2824,3
2825,1
2826,3
2827,1
2828,1
2829,1
2830,3
2831,3
2832,3
2833,1
2834,1
2835,3
2836,3
2837,1
2838,3
2839,3
2840,3
2841,1
2842,1
2843,3
2844,3
2845,1
2846,1
2847,1
2848,3
2849,3
2850,3
2851,3
2852,3
2853,1
2854,1
2855,3
2856,3
2857,3
2858,3
2859,3
2860,3
2861,1
2862,3
2863,1
2864,3
2865,1
2866,3
2867,1
2868,3
2869,3
2870,1
2871,3
2872,1
2873,3
2874,3
2875,3
2876,1
2877,3
2878,1
2879,3
2880,1
2881,3
2882,3
2883,1
2884,3
2885,1
2886,1
2887,3
2888,3
2889,3
2890,1
2891,1
2892,3
2893,3
2894,1
2895,3
2896,3
2897,3
2898,3
2899,3
2900,3
2901,3
2902,3
2903,3
2904,1
2905,3
2906,1
2907,3
2908,1
2909,3
2910,3
2911,1
2912,1
2913,3
2914,1
2915,1
2916,3
2917,3
2918,3
2919,3
2920,1
2921,1
2922,3
2923,3
2924,1
2925,1
2926,3
2927,1
2928,3
2929,3
2930,1
2931,3
2932,3
2933,3
2934,1
2935,1
2936,1
2937,1
2938,1
2939,1
2940,1
2941,1
2942,3
2943,3
2944,1
2945,3
2946,1
2947,1
2948,3
2949,1
2950,1
2951,3
2952,3
2953,3
2954,3
2955,3
2956,1
2957,1
2958,1
2959,3
2960,3
2961,1
2962,3
2963,1
2964,3
2965,1
2966,3
2967,1
2968,3
2969,1
2970,1
2971,3
2972,1
2973,1
2974,1
2975,1
2976,3
2977,3
2978,3
2979,3
2980,3
2981,1
2982,3
2983,1
2984,1
2985,3
2986,1
2987,1
2988,3
2989,3
2990,3
2991,3
2992,1
2993,1
2994,1
2995,1
2996,3
2997,3
2998,3
2999,1
3000,3
3001,1
3002,1
3003,3
3004,3
3005,3
3006,1
3007,3
3008,3
3009,3
3010,1
3011,1
3012,1
3013,3
3014,3
3015,1
3016,1
3017,1
3018,1
3019,1
3020,1
3021,3
3022,3
3023,1
3024,3
3025,3
3026,1
3027,1
3028,1
3029,3
3030,1
3031,3
3032,3
3033,3
3034,3
3035,3
3036,1
3037,3
3038,1
3039,1
3040,3
3041,3
3042,3
3043,1
3044,1
3045,3
3046,1
3047,3
3048,3
3049,3
3050,1
3051,1
3052,3
3053,3
3054,3
3055,1
3056,3
3057,3
3058,1
3059,3
3060,1
3061,3
3062,1
3063,3
3064,1
3065,1
3066,1
3067,3
3068,1
3069,1
3070,1
3071,3
3072,3
3073,3
3074,3
3075,3
3076,3
3077,3
3078,1
3079,1
3080,3
3081,1
3082,3
3083,3
3084,3
3085,1
3086,1
3087,3
3088,3
3089,1
3090,3
3091,1
3092,1
3093,1
3094,1
3095,3
3096,1
3097,3
3098,3
3099,3
3100,1
3101,3
3102,3
3103,3
3104,3
3105,1
3106,1
3107,1
3108,3
3109,3
3110,1
3111,1
3112,3
3113,3
3114,1
3115,1
3116,1
3117,3
3118,1
3119,3
3120,1
3121,1
3122,3
3123,3
3124,3
3125,1
3126,3
3127,3
3128,1
3129,1
3130,1
3131,3
3132,3
3133,3
3134,3
3135,3
3136,1
3137,3
3138,3
3139,1
3140,1
3141,1
3142,3
3143,3
3144,1
3145,1
3146,3
3147,3
3148,3
3149,3
3150,1
3151,3
3152,1
3153,3
3154,1
3155,3
3156,3
3157,3
3158,1
3159,3
3160,3
3161,3
3162,1
3163,3
3164,3
3165,3
3166,3
3167,3
3168,3
3169,3
3170,3
3171,1
3172,3
3173,1
3174,3
3175,1
3176,1
3177,1
3178,3
3179,1
3180,3
3181,3
3182,3
3183,1
3184,3
3185,1
3186,1
3187,1
3188,1
3189,3
3190,1
3191,1
3192,1
3193,1
3194,1
3195,1
3196,3
3197,1
3198,1
3199,3
3200,1
3201,1
3202,3
3203,3
3204,1
3205,1
3206,1
3207,3
3208,1
3209,3
3210,3
3211,1
3212,3
3213,3
3214,1
3215,1
3216,1
3217,3
3218,1
3219,1
3220,3
3221,1
3222,1
3223,1
3224,3
3225,1
3226,3
3227,1
3228,1
3229,1
3230,3
3231,3
3232,3
3233,3
3234,3
3235,1
3236,1
3237,1
3238,1
3239,1
3240,3
3241,3
3242,3
3243,1
3244,1
3245,1
3246,3
3247,1
3248,1
3249,1
3250,1
3251,1
3252,1
3253,1
3254,3
3255,3
3256,1
3257,1
3258,3
3259,3
3260,1
3261,3
3262,3
3263,3
3264,3
3265,3
3266,1
3267,3
3268,3
3269,3
3270,3
3271,3
3272,3
3273,3
3274,1
3275,3
3276,1
3277,1
3278,3
3279,1
3280,3
3281,3
3282,1
3283,3
3284,1
3285,3
3286,3
3287,1
3288,3
3289,1
3290,1
3291,3
3292,3
3293,3
3294,1
3295,1
3296,3
3297,3
3298,1
3299,3
3300,1
3301,3
3302,3
3303,1
3304,3
3305,3
3306,3
3307,3
3308,3
3309,3
3310,1
3311,3
3312,3
3313,3
3314,1
3315,1
3316,3
3317,3
3318,1
3319,3
3320,3
3321,3
3322,1
3323,1
3324,3
3325,1
3326,3
3327,3
3328,1
3329,1
3330,3
3331,1
3332,3
3333,3
3334,1
3335,1
3336,1
3337,3
3338,3
3339,1
3340,1
3341,3
3342,1
3343,1
3344,3
3345,3
3346,1
3347,1
3348,3
3349,1
3350,3
3351,1
3352,3
3353,3
3354,3
3355,3
3356,1
3357,1
3358,3
3359,3
3360,3
3361,1
3362,1
3363,1
3364,1
3365,1
3366,3
3367,1
3368,3
3369,1
3370,3
3371,1
3372,1
3373,3
3374,1
3375,3
3376,1
3377,1
3378,1
3379,3
3380,3
3381,1
3382,1
3383,3
3384,1
3385,3
3386,3
3387,1
3388,1
3389,3
3390,1
3391,1
3392,3
3393,1
3394,3
3395,3
3396,1
3397,1
3398,1
3399,1
3400,3
3401,3
3402,1
3403,1
3404,3
3405,1
3406,3
3407,1
3408,3
3409,3
3410,1
3411,1
3412,1
3413,1
3414,3
3415,1
3416,3
3417,1
3418,3
3419,3
3420,3
3421,1
3422,3
3423,3
3424,1
3425,3
3426,3
3427,1
3428,3
3429,3
3430,1
3431,1
3432,1
3433,1
3434,1
3435,3
3436,1
3437,1
3438,3
3439,1
3440,3
3441,3
3442,1
3443,3
3444,3
3445,3
3446,3
3447,1
3448,3
3449,1
3450,3
3451,3
3452,3
3453,3
3454,3
3455,1
3456,1
3457,3
3458,3
3459,1
3460,3
3461,3
3462,3
3463,1
3464,3
3465,1
3466,3
3467,1
3468,1
3469,1
3470,1
3471,1
3472,1
3473,1
3474,3
3475,3
3476,1
3477,3
3478,1
3479,3
3480,1
3481,3
3482,1
3483,3
3484,1
3485,1
3486,1
3487,3
3488,3
3489,1
3490,3
3491,1
3492,1
3493,3
3494,1
3495,3
3496,1
3497,3
3498,3
3499,1
3500,3
3501,3
3502,3
3503,3
3504,3
3505,3
3506,3
3507,1
3508,1
3509,3
3510,3
3511,3
3512,3
3513,3
3514,3
3515,3
3516,3
3517,1
3518,3
3519,1
3520,3
3521,1
3522,1
3523,1
3524,1
3525,1
3526,1
3527,1
3528,1
3529,1
3530,1
3531,1
3532,3
3533,1
3534,1
3535,1
3536,3
3537,1
3538,3
3539,3
3540,3
3541,1
3542,1
3543,1
3544,1
3545,1
3546,3
3547,1
3548,1
3549,3
3550,3
3551,3
3552,1
3553,1
3554,3
3555,1
3556,1
3557,1
3558,1
3559,3
3560,3
3561,1
3562,3
3563,1
3564,3
3565,3
3566,3
3567,1
3568,1
3569,1
3570,1
3571,3
3572,1
3573,3
3574,3
3575,3
3576,3
3577,3
3578,1
3579,1
3580,3
3581,3
3582,1
3583,1
3584,3
3585,1
3586,1
3587,3
3588,1
3589,3
3590,3
3591,1
3592,1
3593,1
3594,1
3595,1
3596,1
3597,1
3598,3
3599,3
3600,3
3601,3
3602,1
3603,1
3604,3
3605,1
3606,3
3607,3
3608,3
3609,1
3610,1
3611,1
3612,1
3613,3
3614,3
3615,3
3616,1
3617,1
3618,3
3619,1
3620,3
3621,1
3622,3
3623,3
3624,1
3625,3
3626,3
3627,3
3628,1
3629,1
3630,3
3631,1
3632,3
3633,1
3634,3
3635,3
3636,3
3637,1
3638,1
3639,3
3640,1
3641,3
3642,1
3643,1
3644,3
3645,3
3646,3
3647,3
3648,1
3649,1
3650,1
3651,3
3652,1
3653,3
3654,3
3655,1
3656,1
3657,1
3658,3
3659,3
3660,3
3661,3
3662,1
3663,1
3664,1
3665,1
3666,3
3667,1
3668,1
3669,1
3670,3
3671,1
3672,3
3673,3
3674,3
3675,1
3676,1
3677,3
3678,1
3679,1
3680,1
3681,3
3682,3
3683,3
3684,1
3685,3
3686,1
3687,1
3688,1
3689,1
3690,1
3691,3
3692,1
3693,3
3694,3
3695,3
3696,3
3697,3
3698,3
3699,1
3700,1
3701,1
3702,3
3703,1
3704,3
3705,3
3706,3
3707,3
3708,3
3709,3
3710,1
3711,1
3712,3
3713,3
3714,1
3715,3
3716,1
3717,3
3718,1
3719,3
3720,3
3721,3
3722,3
3723,3
3724,1
3725,1
3726,3
3727,1
3728,3
3729,3
3730,3
3731,3
3732,1
3733,1
3734,1
3735,3
3736,1
3737,3
3738,3
3739,3
3740,1
3741,3
3742,3
3743,1
3744,3
3745,1
3746,1
3747,3
3748,1
3749,3
3750,3
3751,3
3752,3
3753,3
3754,3
3755,3
3756,3
3757,3
3758,1
3759,1
3760,3
3761,1
3762,3
3763,3
3764,1
3765,3
3766,3
3767,3
3768,3
3769,3
3770,1
3771,3
3772,1
3773,1
3774,3
3775,3
3776,1
3777,3
3778,1
3779,1
3780,1
3781,3
3782,3
3783,1
3784,1
3785,3
3786,3
3787,1
3788,3
3789,3
3790,3
3791,3
3792,3
3793,3
3794,3
3795,3
3796,3
3797,3
3798,1
3799,3
3800,3
3801,3
3802,3
3803,1
3804,1
3805,3
3806,1
3807,1
3808,1
3809,1
3810,3
3811,3
3812,3
3813,3
3814,1
3815,3
3816,1
3817,3
3818,3
3819,1
3820,3
3821,3
3822,3
3823,3
3824,1
3825,1
3826,3
3827,1
3828,1
3829,3
3830,1
3831,1
3832,3
3833,3
3834,1
3835,3
3836,1
3837,3
3838,1
3839,3
3840,3
3841,3
3842,1
3843,1
3844,3
3845,3
3846,3
3847,3
3848,1
3849,1
3850,1
3851,1
3852,3
3853,3
3854,3
3855,3
3856,1
3857,3
3858,3
3859,3
3860,3
3861,1
3862,1
3863,3
3864,1
3865,3
3866,1
3867,1
3868,3
3869,3
3870,3
3871,1
3872,3
3873,1
3874,1
3875,3
3876,3
3877,3
3878,3
3879,1
3880,3
3881,1
3882,3
3883,1
3884,3
3885,3
3886,3
3887,3
3888,1
3889,1
3890,3
3891,1
3892,3
3893,1
3894,3
3895,1
3896,1
3897,3
3898,1
3899,1
3900,3
3901,1
3902,1
3903,3
3904,3
3905,1
3906,1
3907,3
3908,3
3909,3
3910,1
3911,1
3912,3
3913,3
3914,1
3915,3
3916,3
3917,1
3918,3
3919,3
3920,3
3921,1
3922,3
3923,1
3924,3
3925,3
3926,3
3927,1
3928,3
3929,1
3930,3
3931,1
3932,3
3933,1
3934,3
3935,1
3936,1
3937,1
3938,3
3939,3
3940,3
3941,3
3942,1
3943,1
3944,1
3945,1
3946,3
3947,1
3948,3
3949,3
3950,3
3951,1
3952,1
3953,3
3954,3
3955,3
3956,3
3957,1
3958,3
3959,1
3960,3
3961,3
3962,3
3963,3
3964,3
3965,3
3966,3
3967,3
3968,3
3969,3
3970,1
3971,3
3972,1
3973,3
3974,3
3975,1
3976,1
3977,1
3978,1
3979,1
3980,1
3981,3
3982,1
3983,1
3984,3
3985,1
3986,1
3987,1
3988,1
3989,1
3990,1
3991,3
3992,1
3993,1
3994,3
3995,1
3996,3
3997,3
3998,1
3999,3
4000,3
4001,3
4002,3
4003,3
4004,1
4005,3
4006,3
4007,3
4008,3
4009,3
4010,1
4011,3
4012,1
4013,1
4014,3
4015,1
4016,1
4017,1
4018,1
4019,3
4020,1
4021,3
4022,1
4023,3
4024,1
4025,3
4026,1
4027,3
4028,1
4029,1
4030,3
4031,3
4032,3
4033,1
4034,1
4035,3
4036,1
4037,3
4038,1
4039,3
4040,1
4041,1
4042,1
4043,3
4044,1
4045,1
4046,1
4047,3
4048,3
4049,3
4050,3
4051,1
4052,3
4053,1
4054,3
4055,3
4056,1
4057,3
4058,3
4059,3
4060,3
4061,1
4062,3
4063,1
4064,1
4065,3
4066,3
4067,3
4068,1
4069,1
4070,3
4071,1
4072,3
4073,1
4074,1
4075,3
4076,1
4077,1
4078,1
4079,3
4080,1
4081,1
4082,1
4083,1
4084,1
4085,3
4086,3
4087,1
4088,3
4089,3
4090,3
4091,1
4092,3
4093,1
4094,3
4095,1
4096,1
4097,1
4098,1
4099,3
4100,3
4101,3
4102,1
4103,1
4104,3
4105,3
4106,3
4107,1
4108,3
4109,3
4110,3
4111,1
4112,3
4113,3
4114,3
4115,3
4116,3
4117,3
4118,1
4119,3
4120,3
4121,3
4122,1
4123,3
4124,3
4125,3
4126,3
4127,1
4128,3
4129,3
4130,3
4131,3
4132,3
4133,3
4134,1
4135,1
4136,3
4137,1
4138,3
4139,1
4140,1
4141,3
4142,3
4143,1
4144,3
4145,1
4146,3
4147,1
4148,3
4149,1
4150,1
4151,3
4152,3
4153,3
4154,3
4155,3
4156,1
4157,1
4158,3
4159,3
4160,3
4161,1
4162,3
4163,1
4164,3
4165,3
4166,3
4167,1
4168,1
4169,3
4170,3
4171,3
4172,1
4173,1
4174,3
4175,1
4176,1
4177,3
4178,3
4179,3
4180,1
4181,1
4182,3
4183,1
4184,1
4185,1
4186,3
4187,3
4188,3
4189,3
4190,3
4191,1
4192,3
4193,3
4194,3
4195,1
4196,3
4197,3
4198,1
4199,3
4200,1
4201,3
4202,3
4203,3
4204,1
4205,1
4206,1
4207,3
4208,3
4209,3
4210,3
4211,1
4212,3
4213,3
4214,3
4215,1
4216,1
4217,1
4218,1
4219,1
4220,1
4221,3
4222,3
4223,1
4224,1
4225,3
4226,1
4227,3
4228,3
4229,1
4230,1
4231,1
4232,1
4233,1
4234,3
4235,1
4236,3
4237,1
4238,3
4239,3
4240,3
4241,3
4242,1
4243,3
4244,3
4245,3
4246,3
4247,3
4248,3
4249,3
4250,1
4251,1
4252,3
4253,3
4254,1
4255,3
4256,3
4257,1
4258,1
4259,3
4260,3
4261,3
4262,1
4263,1
4264,1
4265,3
4266,1
4267,3
4268,3
4269,3
4270,1
4271,1
4272,3
4273,1
4274,1
4275,3
4276,3
4277,1
4278,3
4279,3
4280,3
4281,1
4282,1
4283,1
4284,1
4285,1
4286,1
4287,3
4288,3
4289,1
4290,1
4291,3
4292,3
4293,3
4294,3
4295,1
4296,3
4297,3
4298,1
4299,1
4300,1
4301,1
4302,3
4303,3
4304,1
4305,3
4306,3
4307,3
4308,1
4309,1
4310,3
4311,1
4312,3
4313,3
4314,3
4315,3
4316,3
4317,3
4318,1
4319,1
4320,3
4321,3
4322,1
4323,3
4324,1
4325,1
4326,1
4327,3
4328,1
4329,3
4330,1
4331,3
4332,3
4333,3
4334,3
4335,3
4336,1
4337,3
4338,1
4339,3
4340,3
4341,3
4342,3
4343,3
4344,3
4345,1
4346,1
4347,3
4348,1
4349,3
4350,1
4351,3
4352,3
4353,1
4354,3
4355,1
4356,3
4357,3
4358,1
4359,3
4360,1
4361,3
4362,3
4363,1
4364,1
4365,3
4366,3
4367,1
4368,3
4369,1
4370,3
4371,3
4372,3
4373,3
4374,3
4375,1
4376,3
4377,1
4378,1
4379,1
4380,1
4381,1
4382,1
4383,3
4384,1
4385,1
4386,3
4387,1
4388,3
4389,3
4390,3
4391,1
4392,3
4393,3
4394,3
4395,3
4396,3
4397,3
4398,1
4399,1
4400,1
4401,1
4402,3
4403,1
4404,1
4405,3
4406,1
4407,1
4408,3
4409,3
4410,3
4411,1
4412,3
4413,3
4414,3
4415,3
4416,3
4417,1
4418,3
4419,3
4420,1
4421,3
4422,3
4423,3
4424,3
4425,1
4426,3
4427,3
4428,1
4429,1
4430,3
4431,1
4432,1
4433,1
4434,3
4435,3
4436,3
4437,1
4438,3
4439,1
4440,3
4441,3
4442,1
4443,1
4444,1
4445,3
4446,1
4447,1
4448,3
4449,3
4450,3
4451,3
4452,1
4453,1
4454,3
4455,3
4456,3
4457,1
4458,3
4459,3
4460,3
4461,1
4462,3
4463,1
4464,3
4465,3
4466,3
4467,3
4468,1
4469,3
4470,1
4471,1
4472,3
4473,3
4474,1
4475,3
4476,3
4477,1
4478,1
4479,1
4480,1
4481,3
4482,3
4483,3
4484,3
4485,3
4486,1
4487,3
4488,1
4489,1
4490,1
4491,3
4492,3
4493,3
4494,1
4495,1
4496,3
4497,3
4498,3
4499,3
4500,3
4501,1
4502,1
4503,1
4504,3
4505,3
4506,1
4507,1
4508,3
4509,1
4510,1
4511,1
4512,3
4513,3
4514,3
4515,3
4516,3
4517,3
4518,3
4519,1
4520,1
4521,3
4522,1
4523,3
4524,1
4525,3
4526,1
4527,1
4528,3
4529,3
4530,1
4531,3
4532,3
4533,3
4534,3
4535,3
4536,3
4537,3
4538,3
4539,3
4540,3
4541,3
4542,3
4543,3
4544,1
4545,3
4546,1
4547,3
4548,1
4549,3
4550,3
4551,3
4552,1
4553,1
4554,3
4555,3
4556,1
4557,3
4558,3
4559,3
4560,3
4561,1
4562,1
4563,3
4564,1
4565,1
4566,3
4567,1
4568,3
4569,1
4570,3
4571,1
4572,3
4573,1
4574,3
4575,3
4576,3
4577,3
4578,3
4579,3
4580,3
4581,3
4582,1
4583,3
4584,3
4585,3
4586,3
4587,3
4588,1
4589,3
4590,1
4591,3
4592,3
4593,3
4594,3
4595,3
4596,3
4597,1
4598,3
4599,3
4600,3
4601,1
4602,1
4603,3
4604,1
4605,3
4606,3
4607,1
4608,3
4609,1
4610,3
4611,1
4612,3
4613,1
4614,3
4615,1
4616,1
4617,1
4618,1
4619,3
4620,3
4621,3
4622,3
4623,3
4624,3
4625,1
4626,1
4627,3
4628,3
4629,3
4630,3
4631,1
4632,3
4633,1
4634,3
4635,1
4636,3
4637,1
4638,1
4639,3
4640,3
4641,1
4642,1
4643,3
4644,1
4645,3
4646,1
4647,3
4648,1
4649,3
4650,3
4651,3
4652,3
4653,1
4654,3
4655,1
4656,3
4657,3
4658,3
4659,3
4660,1
4661,3
4662,3
4663,3
4664,1
4665,3
4666,1
4667,3
4668,3
4669,1
4670,1
4671,3
4672,3
4673,3
4674,1
4675,3
4676,3
4677,1
4678,1
4679,3
4680,1
4681,3
4682,3
4683,3
4684,3
4685,1
4686,1
4687,1
4688,3
4689,1
4690,1
4691,1
4692,1
4693,1
4694,3
4695,1
4696,3
4697,1
4698,1
4699,3
4700,3
4701,1
4702,1
4703,3
4704,1
4705,3
4706,3
4707,1
4708,3
4709,3
4710,3
4711,3
4712,3
4713,1
4714,1
4715,1
4716,3
4717,1
4718,3
4719,3
4720,1
4721,3
4722,3
4723,1
4724,1
4725,3
4726,3
4727,1
4728,1
4729,1
4730,3
4731,1
4732,1
4733,3
4734,3
4735,3
4736,1
4737,1
4738,3
4739,3
4740,1
4741,1
4742,3
4743,1
4744,1
4745,3
4746,1
4747,1
4748,3
4749,3
4750,1
4751,3
4752,3
4753,1
4754,3
4755,1
4756,3
4757,1
4758,3
4759,1
4760,3
4761,1
4762,3
4763,3
4764,3
4765,3
4766,1
4767,1
4768,1
4769,1
4770,3
4771,3
4772,1
4773,3
4774,3
4775,3
4776,3
4777,1
4778,1
4779,1
4780,1
4781,3
4782,1
4783,3
4784,3
4785,1
4786,1
4787,3
4788,3
4789,3
4790,1
4791,1
4792,3
4793,3
4794,1
4795,1
4796,3
4797,1
4798,3
4799,3
4800,3
4801,1
4802,1
4803,1
4804,3
4805,1
4806,3
4807,3
4808,3
4809,3
4810,1
4811,1
4812,1
4813,1
4814,1
4815,1
4816,3
4817,1
4818,1
4819,3
4820,3
4821,1
4822,1
4823,3
4824,1
4825,3
4826,3
4827,3
4828,3
4829,1
4830,1
4831,3
4832,3
4833,3
4834,1
4835,3
4836,1
4837,3
4838,3
4839,1
4840,1
4841,3
4842,3
4843,1
4844,1
4845,1
4846,1
4847,3
4848,3
4849,3
4850,3
4851,3
4852,3
4853,1
4854,1
4855,3
4856,1
4857,3
4858,3
4859,3
4860,3
4861,1
4862,1
4863,3
4864,1
4865,3
4866,3
4867,3
4868,3
4869,3
4870,3
4871,1
4872,3
4873,3
4874,1
4875,3
4876,1
4877,3
4878,1
4879,3
4880,3
4881,3
4882,3
4883,3
4884,3
4885,1
4886,3
4887,3
4888,3
4889,1
4890,3
4891,1
4892,1
4893,1
4894,3
4895,3
4896,3
4897,3
4898,3
4899,1
4900,1
4901,1
4902,3
4903,3
4904,3
4905,3
4906,1
4907,1
4908,1
4909,3
4910,3
4911,3
4912,1
4913,3
4914,1
4915,3
4916,3
4917,1
4918,1
4919,1
4920,3
4921,3
4922,3
4923,3
4924,3
4925,3
4926,3
4927,1
4928,1
4929,1
4930,1
4931,3
4932,3
4933,3
4934,3
4935,3
4936,1
4937,3
4938,3
4939,3
4940,3
4941,3
4942,1
4943,1
4944,1
4945,3
4946,3
4947,1
4948,3
4949,3
4950,3
4951,1
4952,3
4953,3
4954,3
4955,1
4956,3
4957,1
4958,3
4959,3
4960,1
4961,1
4962,1
4963,1
4964,3
4965,3
4966,3
4967,1
4968,1
4969,3
4970,3
4971,1
4972,3
4973,3
4974,3
4975,1
4976,3
4977,1
4978,3
4979,3
4980,1
4981,1
4982,3
4983,1
4984,1
4985,3
4986,3
4987,3
4988,3
4989,3
4990,1
4991,3
4992,1
4993,3
4994,3
4995,1
4996,1
4997,1
4998,1
4999,3
5000,1
5001,1
5002,1
5003,1
5004,3
5005,3
5006,1
5007,3
5008,1
5009,3
5010,3
5011,1
5012,1
5013,1
5014,3
5015,1
5016,3
5017,1
5018,3
5019,1
5020,3
5021,3
5022,3
5023,1
5024,3
5025,3
5026,1
5027,3
5028,3
5029,3
5030,1
5031,1
5032,3
5033,1
5034,1
5035,1
5036,1
5037,3
5038,1
5039,3
5040,1
5041,1
5042,3
5043,3
5044,3
5045,3
5046,3
5047,3
5048,1
5049,3
5050,1
5051,1
5052,1
5053,3
5054,3
5055,1
5056,1
5057,3
5058,3
5059,3
5060,3
5061,3
5062,3
5063,1
5064,3
5065,3
5066,3
5067,3
5068,1
5069,1
5070,3
5071,1
5072,3
5073,1
5074,1
5075,3
5076,3
5077,1
5078,1
5079,1
5080,1
5081,1
5082,3
5083,1
5084,3
5085,3
5086,1
5087,1
5088,1
5089,3
5090,3
5091,3
5092,3
5093,3
5094,3
5095,1
5096,1
5097,1
5098,3
5099,3
5100,3
5101,1
5102,1
5103,3
5104,1
5105,3
5106,3
5107,3
5108,3
5109,1
5110,1
5111,3
5112,1
5113,3
5114,1
5115,1
5116,1
5117,1
5118,1
5119,1
5120,1
5121,3
5122,3
5123,1
5124,3
5125,1
5126,3
5127,3
5128,1
5129,1
5130,3
5131,3
5132,1
5133,1
5134,3
5135,3
5136,3
5137,3
5138,3
5139,3
5140,1
5141,3
5142,3
5143,3
5144,1
5145,3
5146,1
5147,1
5148,1
5149,1
5150,3
5151,1
5152,1
5153,1
5154,3
5155,3
5156,3
5157,3
5158,3
5159,3
5160,1
5161,3
5162,1
5163,3
5164,1
5165,1
5166,3
5167,1
5168,3
5169,3
5170,1
5171,3
5172,1
5173,3
5174,3
5175,3
5176,3
5177,3
5178,1
5179,1
5180,3
5181,3
5182,1
5183,1
5184,1
5185,1
5186,3
5187,1
5188,1
5189,1
5190,3
5191,1
5192,1
5193,1
5194,3
5195,1
5196,3
5197,1
5198,3
5199,3
5200,1
5201,1
5202,1
5203,1
5204,3
5205,3
5206,3
5207,1
5208,3
5209,3
5210,3
5211,1
5212,3
5213,3
5214,3
5215,3
5216,1
5217,1
5218,3
5219,1
5220,1
5221,3
5222,1
5223,1
5224,3
5225,3
5226,3
5227,1
5228,3
5229,3
5230,3
5231,3
5232,1
5233,1
5234,1
5235,3
5236,3
5237,3
5238,1
5239,1
5240,1
5241,1
5242,1
5243,3
5244,1
5245,3
5246,3
5247,3
5248,3
5249,3
5250,3
5251,3
5252,3
5253,3
5254,1
5255,1
5256,3
5257,3
5258,1
5259,1
5260,3
5261,3
5262,1
5263,3
5264,3
5265,3
5266,1
5267,3
5268,3
5269,3
5270,3
5271,1
5272,3
5273,3
5274,3
5275,1
5276,3
5277,1
5278,3
5279,3
5280,3
5281,1
5282,3
5283,3
5284,3
5285,1
5286,1
5287,1
5288,1
5289,1
5290,3
5291,3
5292,3
5293,3
5294,3
5295,3
5296,3
5297,3
5298,3
5299,1
5300,3
5301,3
5302,3
5303,1
5304,3
5305,1
5306,1
5307,3
5308,3
5309,1
5310,1
5311,3
5312,1
5313,3
5314,1
5315,1
5316,3
5317,1
5318,3
5319,1
5320,1
5321,3
5322,3
5323,3
5324,1
5325,1
5326,3
5327,3
5328,1
5329,3
5330,3
5331,1
5332,3
5333,3
5334,1
5335,3
5336,3
5337,1
5338,3
5339,1
5340,3
5341,3
5342,1
5343,3
5344,1
5345,3
5346,1
5347,3
5348,1
5349,1
5350,3
5351,3
5352,1
5353,1
5354,3
5355,1
5356,3
5357,3
5358,1
5359,3
5360,3
5361,1
5362,1
5363,1
5364,1
5365,3
5366,3
5367,1
5368,3
5369,3
5370,3
5371,3
5372,3
5373,1
5374,1
5375,3
5376,3
5377,1
5378,1
5379,1
5380,1
5381,1
5382,3
5383,3
5384,3
5385,3
5386,1
5387,3
5388,1
5389,3
5390,3
5391,3
5392,1
5393,3
5394,3
5395,3
5396,3
5397,3
5398,3
5399,1
5400,3
5401,1
5402,3
5403,3
5404,3
5405,3
5406,3
5407,3
5408,3
5409,3
5410,3
5411,3
5412,3
5413,1
5414,3
5415,3
5416,1
5417,1
5418,1
5419,1
5420,3
5421,3
5422,3
5423,1
5424,3
5425,3
5426,3
5427,3
5428,1
5429,3
5430,3
5431,3
5432,1
5433,1
5434,1
5435,3
5436,3
5437,1
5438,3
5439,1
5440,3
5441,1
5442,3
5443,1
5444,3
5445,3
5446,3
5447,3
5448,1
5449,3
5450,3
5451,1
5452,1
5453,3
5454,1
5455,3
5456,3
5457,3
5458,3
5459,1
5460,1
5461,3
5462,3
5463,1
5464,1
5465,3
5466,3
5467,3
5468,1
5469,1
5470,1
5471,1
5472,3
5473,3
5474,3
5475,3
5476,1
5477,1
5478,3
5479,1
5480,1
5481,3
5482,3
5483,3
5484,3
5485,3
5486,1
5487,1
5488,1
5489,1
5490,1
5491,1
5492,3
5493,3
5494,3
5495,1
5496,3
5497,1
5498,3
5499,3
5500,3
5501,1
5502,3
5503,3
5504,1
5505,3
5506,3
5507,3
5508,3
5509,3
5510,1
5511,3
5512,1
5513,3
5514,3
5515,1
5516,3
5517,3
5518,1
5519,3
5520,1
5521,3
5522,3
5523,1
5524,1
5525,3
5526,3
5527,1
5528,3
5529,1
5530,3
5531,1
5532,3
5533,3
5534,3
5535,1
5536,3
5537,1
5538,3
5539,3
5540,1
5541,1
5542,3
5543,3
5544,3
5545,3
5546,3
5547,1
5548,3
5549,3
5550,3
5551,3
5552,3
5553,3
5554,3
5555,3
5556,3
5557,3
5558,1
5559,1
5560,1
5561,3
5562,1
5563,1
5564,1
5565,3
5566,3
5567,3
5568,1
5569,3
5570,3
5571,1
5572,1
5573,1
5574,3
5575,3
5576,3
5577,1
5578,3
5579,3
5580,3
5581,1
5582,1
5583,3
5584,1
5585,3
5586,3
5587,3
5588,3
5589,1
5590,3
5591,3
5592,1
5593,1
5594,3
5595,3
5596,3
5597,3
5598,1
5599,1
5600,1
5601,1
5602,1
5603,3
5604,3
5605,3
5606,3
5607,1
5608,3
5609,3
5610,3
5611,1
5612,1
5613,1
5614,1
5615,3
5616,3
5617,1
5618,3
5619,1
5620,3
5621,1
5622,1
5623,3
5624,3
5625,1
5626,1
5627,1
5628,1
5629,1
5630,3
5631,3
5632,1
5633,3
5634,3
5635,1
5636,3
5637,3
5638,1
5639,3
5640,1
5641,1
5642,3
5643,3
5644,1
5645,1
5646,3
5647,1
5648,1
5649,1
5650,3
5651,3
5652,1
5653,1
5654,3
5655,1
5656,1
5657,3
5658,3
5659,3
5660,3
5661,3
5662,1
5663,1
5664,3
5665,3
5666,3
5667,3
5668,1
5669,3
5670,3
5671,3
5672,3
5673,3
5674,1
5675,3
5676,3
5677,3
5678,1
5679,3
5680,3
5681,3
5682,3
5683,3
5684,1
5685,3
5686,3
5687,3
5688,1
5689,1
5690,3
5691,1
5692,3
5693,3
5694,1
5695,3
5696,1
5697,3
5698,3
5699,1
5700,1
5701,3
5702,1
5703,1
5704,1
5705,1
5706,3
5707,3
5708,1
5709,3
5710,1
5711,1
5712,3
5713,3
5714,3
5715,1
5716,3
5717,1
5718,1
5719,1
5720,3
5721,1
5722,3
5723,3
5724,3
5725,3
5726,3
5727,1
5728,1
5729,1
5730,1
5731,3
5732,3
5733,3
5734,3
5735,1
5736,1
5737,3
5738,1
5739,3
5740,3
5741,3
5742,1
5743,1
5744,1
5745,3
5746,3
5747,3
5748,1
5749,1
5750,1
5751,1
5752,1
5753,3
5754,3
5755,1
5756,3
5757,1
5758,3
5759,3
5760,1
5761,3
5762,3
5763,1
5764,3
5765,3
5766,1
5767,1
5768,1
5769,3
5770,3
5771,1
5772,3
5773,1
5774,3
5775,3
5776,1
5777,1
5778,1
5779,1
5780,1
5781,3
5782,3
5783,1
5784,3
5785,3
5786,3
5787,1
5788,1
5789,1
5790,3
5791,3
5792,1
5793,1
5794,1
5795,3
5796,1
5797,3
5798,3
5799,3
5800,1
5801,3
5802,3
5803,3
5804,1
5805,1
5806,3
5807,1
5808,3
5809,3
5810,3
5811,1
5812,3
5813,3
5814,1
5815,1
5816,1
5817,1
5818,3
5819,1
5820,3
5821,1
5822,3
5823,3
5824,1
5825,1
5826,3
5827,1
5828,3
5829,1
5830,1
5831,3
5832,1
5833,3
5834,3
5835,1
5836,1
5837,1
5838,3
5839,3
5840,3
5841,3
5842,1
5843,1
5844,1
5845,3
5846,1
5847,1
5848,3
5849,3
5850,1
5851,3
5852,3
5853,3
5854,1
5855,3
5856,3
5857,1
5858,1
5859,3
5860,3
5861,1
5862,1
5863,1
5864,3
5865,1
5866,3
5867,3
5868,1
5869,3
5870,1
5871,3
5872,3
5873,1
5874,3
5875,3
5876,3
5877,3
5878,1
5879,3
5880,1
5881,1
5882,1
5883,3
5884,3
5885,3
5886,3
5887,1
5888,3
5889,1
5890,1
5891,3
5892,3
5893,1
5894,1
5895,1
5896,3
5897,3
5898,3
5899,3
5900,3
5901,1
5902,1
5903,3
5904,1
5905,3
5906,3
5907,3
5908,3
5909,3
5910,3
5911,1
5912,3
5913,1
5914,3
5915,1
5916,3
5917,1
5918,1
5919,1
5920,3
5921,1
5922,1
5923,3
5924,1
5925,3
5926,1
5927,1
5928,1
5929,3
5930,3
5931,1
5932,3
5933,3
5934,3
5935,3
5936,3
5937,1
5938,3
5939,3
5940,1
5941,3
5942,3
5943,3
5944,1
5945,1
5946,3
5947,3
5948,3
5949,1
5950,3
5951,1
5952,1
5953,3
5954,1
5955,1
5956,1
5957,1
5958,3
5959,1
5960,3
5961,3
5962,1
5963,1
5964,1
5965,1
5966,3
5967,3
5968,1
5969,1
5970,1
5971,3
5972,3
5973,1
5974,3
5975,3
5976,1
5977,1
5978,3
5979,3
5980,3
5981,3
5982,3
5983,3
5984,3
5985,1
5986,1
5987,3
5988,1
5989,1
5990,1
5991,1
5992,1
5993,3
5994,1
5995,3
5996,3
5997,1
5998,3
5999,1
6000,1
6001,3
6002,3
6003,3
6004,3
6005,3
6006,3
6007,1
6008,3
6009,1
6010,1
6011,3
6012,1
6013,1
6014,1
6015,3
6016,3
6017,1
6018,3
6019,3
6020,3
6021,3
6022,3
6023,1
6024,1
6025,3
6026,1
6027,3
6028,3
6029,1
6030,1
6031,1
6032,3
6033,3
6034,1
6035,3
6036,3
6037,1
6038,1
6039,1
6040,3
6041,1
6042,1
6043,3
6044,3
6045,3
6046,1
6047,3
6048,1
6049,3
6050,3
6051,3
6052,1
6053,1
6054,1
6055,3
6056,1
6057,1
6058,1
6059,3
6060,3
6061,3
6062,3
6063,1
6064,3
6065,3
6066,3
6067,3
6068,1
6069,1
6070,1
6071,3
6072,3
6073,3
6074,1
6075,3
6076,1
6077,1
6078,3
6079,3
6080,1
6081,3
6082,3
6083,1
6084,3
6085,3
6086,3
6087,1
6088,1
6089,1
6090,3
6091,1
6092,3
6093,1
6094,1
6095,1
6096,3
6097,1
6098,3
6099,3
6100,3
6101,3
6102,1
6103,3
6104,3
6105,1
6106,1
6107,3
6108,1
6109,3
6110,3
6111,3
6112,1
6113,3
6114,1
6115,1
6116,3
6117,1
6118,3
6119,3
6120,1
6121,3
6122,1
6123,1
6124,1
6125,3
6126,3
6127,3
6128,1
6129,3
6130,3
6131,3
6132,1
6133,3
6134,3
6135,3
6136,3
6137,1
6138,1
6139,1
6140,3
6141,3
6142,3
6143,1
6144,3
6145,3
6146,1
6147,3
6148,3
6149,3
6150,3
6151,1
6152,1
6153,3
6154,3
6155,3
6156,3
6157,3
6158,3
6159,1
6160,1
6161,3
6162,3
6163,3
6164,1
6165,3
6166,3
6167,3
6168,3
6169,1
6170,3
6171,3
6172,3
6173,3
6174,1
6175,1
6176,1
6177,3
6178,1
6179,3
6180,1
6181,1
6182,1
6183,1
6184,3
6185,1
6186,1
6187,1
6188,1
6189,1
6190,1
6191,3
6192,1
6193,3
6194,3
6195,3
6196,1
6197,1
6198,1
6199,3
6200,3
6201,3
6202,1
6203,3
6204,3
6205,1
6206,1
6207,1
6208,3
6209,3
6210,1
6211,3
6212,3
6213,3
6214,3
6215,3
6216,3
6217,3
6218,1
6219,3
6220,3
6221,1
6222,1
6223,1
6224,3
6225,1
6226,1
6227,3
6228,3
6229,3
6230,3
6231,1
6232,1
6233,1
6234,1
6235,1
6236,3
6237,1
6238,1
6239,3
6240,3
6241,3
6242,1
6243,1
6244,1
6245,1
6246,1
6247,3
6248,1
6249,1
6250,3
6251,3
6252,3
6253,3
6254,1
6255,3
6256,3
6257,1
6258,1
6259,3
6260,1
6261,1
6262,3
6263,3
6264,3
6265,3
6266,1
6267,3
6268,3
6269,1
6270,1
6271,3
6272,3
6273,3
6274,3
6275,3
6276,3
6277,1
6278,1
6279,3
6280,3
6281,3
6282,3
6283,1
6284,3
6285,3
6286,1
6287,3
6288,1
6289,1
6290,3
6291,3
6292,3
6293,3
6294,1
6295,3
6296,3
6297,3
6298,3
6299,3
6300,3
6301,3
6302,1
6303,1
6304,3
6305,3
6306,3
6307,3
6308,1
6309,3
6310,3
6311,3
6312,1
6313,3
6314,1
6315,3
6316,3
6317,1
6318,3
6319,3
6320,1
6321,1
6322,1
6323,3
6324,3
6325,1
6326,3
6327,1
6328,3
6329,1
6330,1
6331,3
6332,3
6333,3
6334,3
6335,3
6336,3
6337,3
6338,3
6339,1
6340,3
6341,1
6342,3
6343,3
6344,1
6345,3
6346,3
6347,1
6348,1
6349,1
6350,3
6351,3
6352,1
6353,3
6354,3
6355,1
6356,1
6357,3
6358,3
6359,1
6360,3
6361,3
6362,1
6363,1
6364,1
6365,3
6366,3
6367,1
6368,1
6369,1
6370,1
6371,3
6372,1
6373,1
6374,1
6375,3
6376,3
6377,3
6378,3
6379,1
6380,1
6381,1
6382,3
6383,1
6384,1
6385,1
6386,3
6387,3
6388,1
6389,3
6390,3
6391,3
6392,1
6393,1
6394,1
6395,1
6396,1
6397,1
6398,3
6399,1
6400,1
6401,1
6402,3
6403,3
6404,3
6405,1
6406,3
6407,1
6408,1
6409,3
6410,1
6411,3
6412,3
6413,3
6414,1
6415,3
6416,3
6417,3
6418,3
6419,3
6420,3
6421,1
6422,3
6423,1
6424,1
6425,1
6426,1
6427,3
6428,1
6429,1
6430,1
6431,1
6432,1
6433,3
6434,3
6435,3
6436,1
6437,3
6438,3
6439,1
6440,3
6441,1
6442,1
6443,3
6444,3
6445,1
6446,3
6447,3
6448,3
6449,3
6450,3
6451,1
6452,1
6453,3
6454,1
6455,3
6456,1
6457,3
6458,1
6459,3
6460,3
6461,3
6462,3
6463,1
6464,3
6465,1
6466,3
6467,3
6468,1
6469,1
6470,3
6471,3
6472,3
6473,3
6474,3
6475,1
6476,3
6477,1
6478,3
6479,3
6480,3
6481,1
6482,3
6483,1
6484,1
6485,1
6486,1
6487,1
6488,1
6489,3
6490,3
6491,1
6492,1
6493,1
6494,1
6495,1
6496,3
6497,1
6498,3
6499,1
6500,1
6501,1
6502,3
6503,1
6504,3
6505,1
6506,3
6507,1
6508,3
6509,1
6510,3
6511,3
6512,3
6513,1
6514,3
6515,3
6516,3
6517,3
6518,1
6519,3
6520,1
6521,3
6522,3
6523,3
6524,1
6525,1
6526,1
6527,3
6528,3
6529,3
6530,3
6531,1
6532,1
6533,1
6534,3
6535,1
6536,3
6537,3
6538,3
6539,1
6540,1
6541,3
6542,3
6543,1
6544,1
6545,3
6546,1
6547,3
6548,3
6549,1
6550,1
6551,1
6552,1
6553,1
6554,3
6555,1
6556,3
6557,3
6558,1
6559,1
6560,1
6561,1
6562,1
6563,3
6564,3
6565,1
6566,1
6567,3
6568,1
6569,1
6570,1
6571,1
6572,3
6573,3
6574,1
6575,3
6576,3
6577,3
6578,1
6579,3
6580,3
6581,1
6582,1
6583,1
6584,1
6585,1
6586,1
6587,1
6588,3
6589,3
6590,1
6591,3
6592,3
6593,1
6594,1
6595,1
6596,3
6597,1
6598,1
6599,3
6600,3
6601,1
6602,3
6603,3
6604,1
6605,1
6606,1
6607,1
6608,1
6609,1
6610,1
6611,1
6612,1
6613,1
6614,3
6615,3
6616,3
6617,3
6618,3
6619,3
6620,1
6621,1
6622,3
6623,1
6624,3
6625,1
6626,3
6627,1
6628,1
6629,1
6630,3
6631,3
6632,3
6633,3
6634,1
6635,3
6636,3
6637,1
6638,3
6639,3
6640,3
6641,1
6642,1
6643,3
6644,1
6645,3
6646,1
6647,3
6648,1
6649,3
6650,1
6651,3
6652,1
6653,1
6654,3
6655,3
6656,3
6657,1
6658,1
6659,1
6660,1
6661,1
6662,3
6663,3
6664,3
6665,3
6666,1
6667,3
6668,1
6669,3
6670,1
6671,1
6672,1
6673,1
6674,3
6675,3
6676,3
6677,3
6678,3
6679,1
6680,1
6681,3
6682,1
6683,3
6684,3
6685,3
6686,1
6687,1
6688,3
6689,1
6690,3
6691,3
6692,1
6693,3
6694,1
6695,1
6696,3
6697,1
6698,3
6699,1
6700,1
6701,3
6702,3
6703,1
6704,3
6705,3
6706,3
6707,1
6708,3
6709,1
6710,3
6711,1
6712,3
6713,1
6714,1
6715,3
6716,3
6717,3
6718,3
6719,3
6720,3
6721,1
6722,1
6723,1
6724,3
6725,1
6726,1
6727,1
6728,3
6729,3
6730,1
6731,3
6732,1
6733,3
6734,1
6735,3
6736,1
6737,1
6738,1
6739,1
6740,1
6741,3
6742,3
6743,3
6744,3
6745,3
6746,3
6747,1
6748,1
6749,3
6750,1
6751,3
6752,3
6753,3
6754,1
6755,3
6756,1
6757,3
6758,3
6759,3
6760,3
6761,3
6762,3
6763,1
6764,1
6765,3
6766,1
6767,3
6768,1
6769,3
6770,1
6771,3
6772,3
6773,3
6774,1
6775,3
6776,3
6777,3
6778,1
6779,3
6780,3
6781,1
6782,1
6783,1
6784,3
6785,3
6786,1
6787,1
6788,1
6789,3
6790,3
6791,1
6792,1
6793,1
6794,1
6795,3
6796,3
6797,1
6798,3
6799,3
6800,1
6801,1
6802,3
6803,3
6804,3
6805,3
6806,3
6807,1
6808,3
6809,3
6810,1
6811,3
6812,3
6813,3
6814,3
6815,3
6816,1
6817,3
6818,1
6819,3
6820,1
6821,1
6822,1
6823,1
6824,3
6825,1
6826,3
6827,1
6828,1
6829,1
6830,1
6831,3
6832,3
6833,1
6834,1
6835,3
6836,3
6837,3
6838,1
6839,3
6840,1
6841,3
6842,1
6843,3
6844,1
6845,1
6846,1
6847,1
6848,1
6849,3
6850,3
6851,3
6852,3
6853,1
6854,3
6855,1
6856,3
6857,1
6858,3
6859,3
6860,1
6861,3
6862,3
6863,1
6864,1
6865,1
6866,3
6867,1
6868,3
6869,1
6870,3
6871,1
6872,1
6873,3
6874,3
6875,1
6876,1
6877,3
6878,3
6879,1
6880,3
6881,3
6882,1
6883,1
6884,3
6885,3
6886,1
6887,3
6888,1
6889,3
6890,3
6891,1
6892,3
6893,1
6894,1
6895,3
6896,1
6897,3
6898,1
6899,3
6900,3
6901,1
6902,1
6903,1
6904,1
6905,1
6906,1
6907,3
6908,3
6909,1
6910,3
6911,3
6912,1
6913,1
6914,3
6915,1
6916,1
6917,1
6918,1
6919,3
6920,3
6921,3
6922,1
6923,1
6924,3
6925,3
6926,3
6927,3
6928,1
6929,1
6930,1
6931,1
6932,1
6933,3
6934,1
6935,1
6936,1
6937,3
6938,1
6939,1
6940,3
6941,3
6942,1
6943,1
6944,1
6945,3
6946,1
6947,3
6948,3
6949,3
6950,3
6951,3
6952,3
6953,3
6954,3
6955,1
6956,1
6957,1
6958,1
6959,3
6960,3
6961,3
6962,3
6963,3
6964,1
6965,3
6966,3
6967,3
6968,1
6969,3
6970,3
6971,3
6972,3
6973,1
6974,1
6975,3
6976,3
6977,1
6978,3
6979,1
6980,1
6981,1
6982,1
6983,3
6984,1
6985,3
6986,3
6987,3
6988,1
6989,3
6990,3
6991,1
6992,3
6993,1
6994,3
6995,1
6996,1
6997,3
6998,1
6999,3
7000,3
7001,3
7002,3
7003,1
7004,1
7005,1
7006,1
7007,1
7008,1
7009,3
7010,1
7011,3
7012,3
7013,3
7014,1
7015,3
7016,1
7017,3
7018,3
7019,3
7020,3
7021,1
7022,1
7023,3
7024,3
7025,1
7026,1
7027,3
7028,1
7029,1
7030,1
7031,3
7032,3
7033,3
7034,3
7035,1
7036,1
7037,1
7038,3
7039,1
7040,3
7041,3
7042,3
7043,3
7044,3
7045,3
7046,3
7047,1
7048,3
7049,3
7050,3
7051,1
7052,3
7053,3
7054,3
7055,3
7056,3
7057,1
7058,3
7059,1
7060,1
7061,1
7062,3
7063,3
7064,3
7065,1
7066,1
7067,3
7068,3
7069,3
7070,1
7071,1
7072,3
7073,3
7074,3
7075,1
7076,1
7077,3
7078,3
7079,1
7080,3
7081,1
7082,3
7083,3
7084,3
7085,3
7086,1
7087,1
7088,1
7089,3
7090,1
7091,3
7092,1
7093,3
7094,1
7095,3
7096,3
7097,3
7098,3
7099,3
7100,3
7101,1
7102,1
7103,1
7104,3
7105,3
7106,3
7107,1
7108,1
7109,1
7110,3
7111,3
7112,1
7113,3
7114,3
7115,3
7116,1
7117,1
7118,1
7119,1
7120,1
7121,3
7122,1
7123,1
7124,3
7125,3
7126,1
7127,1
7128,3
7129,3
7130,1
7131,3
7132,3
7133,1
7134,1
7135,1
7136,1
7137,3
7138,3
7139,1
7140,1
7141,3
7142,1
7143,1
7144,1
7145,3
7146,3
7147,1
7148,1
7149,1
7150,1
7151,3
7152,3
7153,3
7154,3
7155,3
7156,3
7157,1
7158,1
7159,1
7160,3
7161,3
7162,3
7163,3
7164,1
7165,1
7166,3
7167,1
7168,1
7169,3
7170,1
7171,3
7172,1
7173,3
7174,3
7175,3
7176,3
7177,1
7178,1
7179,3
7180,1
7181,1
7182,3
7183,3
7184,3
7185,1
7186,3
7187,1
7188,3
7189,3
7190,1
7191,1
7192,1
7193,1
7194,3
7195,3
7196,3
7197,1
7198,3
7199,3
7200,1
7201,1
7202,3
7203,3
7204,1
7205,1
7206,3
7207,1
7208,3
7209,1
7210,1
7211,3
7212,1
7213,3
7214,3
7215,3
7216,3
7217,3
7218,1
7219,1
7220,3
7221,3
7222,1
7223,3
7224,3
7225,1
7226,1
7227,3
7228,3
7229,3
7230,1
7231,3
7232,1
7233,1
7234,3
7235,3
7236,3
7237,3
7238,1
7239,3
7240,1
7241,3
7242,3
7243,1
7244,3
7245,1
7246,3
7247,1
7248,3
7249,3
7250,3
7251,3
7252,1
7253,1
7254,3
7255,3
7256,3
7257,3
7258,3
7259,3
7260,1
7261,3
7262,3
7263,3
7264,1
7265,3
7266,3
7267,3
7268,3
7269,3
7270,1
7271,3
7272,1
7273,3
7274,1
7275,3
7276,1
7277,3
7278,1
7279,3
7280,3
7281,3
7282,3
7283,3
7284,1
7285,3
7286,1
7287,1
7288,3
7289,3
7290,1
7291,3
7292,3
7293,3
7294,3
7295,3
7296,1
7297,3
7298,3
7299,1
7300,3
7301,1
7302,3
7303,1
7304,3
7305,3
7306,3
7307,3
7308,3
7309,1
7310,1
7311,3
7312,3
7313,1
7314,3
7315,3
7316,1
7317,3
7318,3
7319,3
7320,3
7321,3
7322,1
7323,1
7324,3
7325,1
7326,1
7327,3
7328,1
7329,3
7330,3
7331,1
7332,3
7333,1
7334,1
7335,3
7336,3
7337,1
7338,1
7339,3
7340,1
7341,1
7342,3
7343,3
7344,3
7345,1
7346,3
7347,3
7348,1
7349,1
7350,1
7351,3
7352,3
7353,3
7354,1
7355,1
7356,1
7357,3
7358,1
7359,1
7360,1
7361,1
7362,3
7363,3
7364,1
7365,1
7366,3
7367,3
7368,1
7369,3
7370,3
7371,3
7372,1
7373,3
7374,3
7375,3
7376,1
7377,1
7378,3
7379,3
7380,1
7381,3
7382,3
7383,3
7384,3
7385,1
7386,1
7387,1
7388,3
7389,1
7390,3
7391,3
7392,1
7393,3
7394,3
7395,1
7396,1
7397,1
7398,3
7399,1
7400,1
7401,3
7402,1
7403,1
7404,1
7405,1
7406,1
7407,1
7408,3
7409,3
7410,3
7411,1
7412,1
7413,3
7414,3
7415,1
7416,3
7417,3
7418,1
7419,1
7420,1
7421,3
7422,3
7423,1
7424,1
7425,3
7426,3
7427,3
7428,1
7429,1
7430,3
7431,3
7432,3
7433,1
7434,1
7435,3
7436,3
7437,3
7438,1
7439,1
7440,3
7441,1
7442,3
7443,1
7444,3
7445,3
7446,3
7447,1
7448,1
7449,1
7450,3
7451,3
7452,3
7453,1
7454,3
7455,1
7456,3
7457,3
7458,1
7459,1
7460,3
7461,3
7462,1
7463,3
7464,3
7465,3
7466,3
7467,3
7468,3
7469,1
7470,1
7471,3
7472,3
7473,1
7474,1
7475,1
7476,3
7477,1
7478,3
7479,1
7480,3
7481,3
7482,1
7483,3
7484,1
7485,1
7486,3
7487,3
7488,3
7489,3
7490,3
7491,3
7492,1
7493,1
7494,3
7495,3
7496,3
7497,1
7498,1
7499,3
7500,1
7501,3
7502,3
7503,3
7504,3
7505,3
7506,1
7507,3
7508,1
7509,3
7510,3
7511,3
7512,3
7513,1
7514,1
7515,3
7516,1
7517,1
7518,3
7519,3
7520,1
7521,3
7522,1
7523,1
7524,3
7525,1
7526,1
7527,1
7528,1
7529,1
7530,3
7531,1
7532,1
7533,3
7534,1
7535,1
7536,1
7537,1
7538,1
7539,3
7540,1
7541,3
7542,1
7543,1
7544,3
7545,3
7546,3
7547,1
7548,1
7549,3
7550,1
7551,1
7552,1
7553,1
7554,1
7555,3
7556,1
7557,1
7558,3
7559,3
7560,1
7561,1
7562,1
7563,1
7564,1
7565,1
7566,3
7567,1
7568,3
7569,3
7570,3
7571,1
7572,3
7573,1
7574,1
7575,3
7576,3
7577,1
7578,1
7579,3
7580,3
7581,1
7582,3
7583,1
7584,1
7585,1
7586,1
7587,3
7588,3
7589,3
7590,1
7591,3
7592,1
7593,3
7594,1
7595,3
7596,1
7597,3
7598,3
7599,3
7600,1
7601,3
7602,1
7603,3
7604,1
7605,1
7606,3
7607,1
7608,1
7609,3
7610,1
7611,3
7612,1
7613,1
7614,3
7615,3
7616,1
7617,3
7618,1
7619,3
7620,3
7621,3
7622,3
7623,3
7624,1
7625,1
7626,1
7627,3
7628,3
7629,3
7630,1
7631,3
7632,1
7633,3
7634,3
7635,3
7636,1
7637,3
7638,1
7639,1
7640,3
7641,3
7642,1
7643,1
7644,1
7645,1
7646,3
7647,3
7648,3
7649,3
7650,1
7651,3
7652,3
7653,3
7654,3
7655,1
7656,1
7657,3
7658,1
7659,3
7660,1
7661,1
7662,3
7663,3
7664,3
7665,3
7666,3
7667,3
7668,3
7669,3
7670,3
7671,1
7672,1
7673,3
7674,1
7675,1
7676,1
7677,3
7678,1
7679,1
7680,3
7681,1
7682,1
7683,3
7684,1
7685,1
7686,3
7687,1
7688,3
7689,3
7690,1
7691,3
7692,1
7693,3
7694,3
7695,1
7696,3
7697,3
7698,1
7699,3
7700,3
7701,3
7702,1
7703,3
7704,1
7705,3
7706,1
7707,1
7708,3
7709,1
7710,3
7711,3
7712,1
7713,3
7714,1
7715,3
7716,1
7717,3
7718,1
7719,3
7720,3
7721,1
7722,1
7723,3
7724,1
7725,3
7726,1
7727,1
7728,3
7729,3
7730,3
7731,1
7732,1
7733,3
7734,1
7735,3
7736,1
7737,3
7738,1
7739,1
7740,1
7741,3
7742,1
7743,3
7744,1
7745,3
7746,1
7747,3
7748,1
7749,1
7750,1
7751,1
7752,3
7753,3
7754,3
7755,3
7756,3
7757,1
7758,3
7759,3
7760,3
7761,3
7762,3
7763,1
7764,1
7765,1
7766,3
7767,1
7768,3
7769,3
7770,3
7771,3
7772,3
7773,1
7774,1
7775,3
7776,1
7777,3
7778,1
7779,1
7780,3
7781,1
7782,3
7783,1
7784,3
7785,3
7786,1
7787,3
7788,3
7789,1
7790,1
7791,3
7792,3
7793,1
7794,3
7795,1
7796,1
7797,1
7798,3
7799,3
7800,1
7801,3
7802,1
7803,3
7804,1
7805,1
7806,1
7807,1
7808,1
7809,1
7810,3
7811,3
7812,1
7813,1
7814,1
7815,1
7816,3
7817,1
7818,3
7819,3
7820,1
7821,1
7822,3
7823,1
7824,3
7825,1
7826,1
7827,3
7828,1
7829,3
7830,3
7831,3
7832,1
7833,3
7834,1
7835,3
7836,3
7837,3
7838,1
7839,3
7840,3
7841,3
7842,3
7843,1
7844,3
7845,3
7846,3
7847,1
7848,3
7849,1
7850,3
7851,3
7852,3
7853,3
7854,1
7855,1
7856,3
7857,1
7858,3
7859,3
7860,3
7861,1
7862,1
7863,3
7864,1
7865,1
7866,3
7867,1
7868,3
7869,3
7870,3
7871,3
7872,3
7873,1
7874,3
7875,3
7876,3
7877,1
7878,3
7879,1
7880,3
7881,3
7882,1
7883,3
7884,3
7885,3
7886,1
7887,1
7888,1
7889,3
7890,1
7891,3
7892,3
7893,3
7894,3
7895,3
7896,3
7897,3
7898,3
7899,3
7900,3
7901,1
7902,3
7903,1
7904,1
7905,1
7906,3
7907,1
7908,3
7909,3
7910,1
7911,3
7912,1
7913,1
7914,3
7915,1
7916,3
7917,3
7918,1
7919,1
7920,3
7921,1
7922,3
7923,1
7924,1
7925,1
7926,1
7927,3
7928,1
7929,1
7930,3
7931,3
7932,1
7933,3
7934,1
7935,3
7936,1
7937,3
7938,1
7939,3
7940,3
7941,3
7942,1
7943,3
7944,3
7945,3
7946,1
7947,3
7948,1
7949,1
7950,3
7951,1
7952,3
7953,1
7954,3
7955,1
7956,1
7957,1
7958,3
7959,3
7960,1
7961,3
7962,3
7963,1
7964,3
7965,1
7966,1
7967,3
7968,3
7969,3
7970,1
7971,1
7972,1
7973,3
7974,1
7975,1
7976,1
7977,3
7978,3
7979,1
7980,3
7981,1
7982,3
7983,3
7984,1
7985,1
7986,1
7987,3
7988,3
7989,1
7990,1
7991,3
7992,1
7993,3
7994,3
7995,3
7996,3
7997,1
7998,1
7999,1
8000,1
8001,1
8002,1
8003,1
8004,1
8005,1
8006,1
8007,1
8008,1
8009,3
8010,3
8011,1
8012,1
8013,1
8014,1
8015,3
8016,1
8017,3
8018,1
8019,1
8020,3
8021,3
8022,1
8023,3
8024,1
8025,1
8026,3
8027,1
8028,3
8029,1
8030,3
8031,1
8032,1
8033,3
8034,1
8035,3
8036,1
8037,1
8038,3
8039,3
8040,3
8041,1
8042,3
8043,1
8044,3
8045,3
8046,3
8047,3
8048,3
8049,1
8050,1
8051,1
8052,3
8053,1
8054,3
8055,3
8056,3
8057,1
8058,3
8059,3
8060,3
8061,3
8062,3
8063,1
8064,3
8065,3
8066,3
8067,1
8068,1
8069,1
8070,3
8071,3
8072,1
8073,1
8074,1
8075,3
8076,1
8077,1
8078,3
8079,1
8080,1
8081,3
8082,3
8083,1
8084,3
8085,3
8086,3
8087,1
8088,3
8089,3
8090,1
8091,3
8092,1
8093,3
8094,3
8095,3
8096,3
8097,3
8098,1
8099,3
8100,3
8101,1
8102,3
8103,3
8104,1
8105,3
8106,3
8107,3
8108,3
8109,3
8110,3
8111,3
8112,3
8113,3
8114,3
8115,1
8116,1
8117,1
8118,1
8119,3
8120,3
8121,1
8122,1
8123,3
8124,3
8125,3
8126,3
8127,1
8128,1
8129,3
8130,1
8131,3
8132,1
8133,1
8134,3
8135,3
8136,3
8137,1
8138,1
8139,1
8140,1
8141,3
8142,3
8143,3
8144,3
8145,1
8146,3
8147,1
8148,3
8149,1
8150,1
8151,1
8152,3
8153,3
8154,1
8155,3
8156,3
8157,3
8158,3
8159,1
8160,1
8161,3
8162,1
8163,3
8164,1
8165,3
8166,3
8167,3
8168,3
8169,1
8170,3
8171,3
8172,3
8173,1
8174,1
8175,3
8176,3
8177,1
8178,1
8179,1
8180,1
8181,1
8182,3
8183,3
8184,1
8185,1
8186,3
8187,1
8188,3
8189,1
8190,3
8191,1
8192,1
8193,1
8194,3
8195,1
8196,1
8197,1
8198,1
8199,3
8200,3
8201,3
8202,3
8203,1
8204,1
8205,1
8206,1
8207,3
8208,3
8209,3
8210,1
8211,1
8212,3
8213,1
8214,3
8215,1
8216,1
8217,1
8218,3
8219,1
8220,1
8221,3
8222,1
8223,3
8224,3
8225,1
8226,1
8227,3
8228,3
8229,3
8230,1
8231,1
8232,1
8233,1
8234,1
8235,1
8236,1
8237,3
8238,3
8239,3
8240,3
8241,3
8242,3
8243,3
8244,3
8245,3
8246,1
8247,1
8248,3
8249,3
8250,3
8251,1
8252,1
8253,3
8254,3
8255,3
8256,1
8257,1
8258,3
8259,3
8260,3
8261,3
8262,1
8263,3
8264,3
8265,1
8266,1
8267,1
8268,1
8269,3
8270,1
8271,1
8272,3
8273,1
8274,3
8275,1
8276,1
8277,1
8278,1
8279,3
8280,3
8281,3
8282,3
8283,3
8284,1
8285,3
8286,1
8287,1
8288,1
8289,1
8290,3
8291,1
8292,3
8293,3
8294,1
8295,3
8296,3
8297,1
8298,3
8299,1
8300,3
8301,1
8302,3
8303,1
8304,3
8305,1
8306,3
8307,3
8308,1
8309,3
8310,3
8311,3
8312,1
8313,1
8314,3
8315,3
8316,1
8317,1
8318,3
8319,3
8320,3
8321,1
8322,3
8323,1
8324,3
8325,3
8326,1
8327,3
8328,1
8329,3
8330,3
8331,1
8332,3
8333,1
8334,1
8335,1
8336,1
8337,1
8338,3
8339,3
8340,3
8341,1
8342,1
8343,3
8344,3
8345,1
8346,1
8347,1
8348,3
8349,3
8350,3
8351,3
8352,1
8353,1
8354,3
8355,1
8356,3
8357,3
8358,1
8359,3
8360,3
8361,1
8362,3
8363,3
8364,3
8365,1
8366,3
8367,3
8368,3
8369,3
8370,3
8371,3
8372,3
8373,3
8374,1
8375,3
8376,3
8377,3
8378,1
8379,1
8380,3
8381,1
8382,3
8383,3
8384,3
8385,3
8386,1
8387,3
8388,1
8389,1
8390,3
8391,1
8392,1
8393,1
8394,3
8395,3
8396,1
8397,3
8398,1
8399,3
8400,1
8401,3
8402,3
8403,3
8404,1
8405,3
8406,3
8407,1
8408,1
8409,1
8410,1
8411,3
8412,1
8413,1
8414,3
8415,1
8416,3
8417,1
8418,1
8419,1
8420,3
8421,3
8422,1
8423,1
8424,3
8425,3
8426,3
8427,3
8428,1
8429,1
8430,3
8431,1
8432,1
8433,3
8434,1
8435,3
8436,3
8437,1
8438,1
8439,1
8440,1
8441,3
8442,3
8443,1
8444,1
8445,3
8446,1
8447,3
8448,3
8449,3
8450,1
8451,1
8452,3
8453,3
8454,1
8455,3
8456,1
8457,3
8458,3
8459,1
8460,3
8461,3
8462,3
8463,1
8464,1
8465,1
8466,3
8467,3
8468,3
8469,1
8470,3
8471,3
8472,3
8473,1
8474,3
8475,3
8476,1
8477,3
8478,3
8479,1
8480,3
8481,3
8482,1
8483,1
8484,1
8485,3
8486,3
8487,1
8488,3
8489,3
8490,3
8491,1
8492,1
8493,3
8494,3
8495,1
8496,1
8497,3
8498,3
8499,3
8500,3
8501,3
8502,1
8503,3
8504,3
8505,3
8506,3
8507,1
8508,1
8509,3
8510,1
8511,3
8512,1
8513,3
8514,3
8515,1
8516,3
8517,3
8518,1
8519,1
8520,3
8521,3
8522,3
8523,3
8524,1
8525,1
8526,1
8527,3
8528,1
8529,3
8530,3
8531,1
8532,1
8533,3
8534,3
8535,1
8536,3
8537,1
8538,3
8539,3
8540,1
8541,1
8542,3
8543,1
8544,1
8545,1
8546,3
8547,3
8548,1
8549,1
8550,1
8551,3
8552,3
8553,3
8554,1
8555,1
8556,3
8557,1
8558,1
8559,1
8560,3
8561,1
8562,1
8563,1
8564,1
8565,1
8566,3
8567,1
8568,1
8569,1
8570,1
8571,3
8572,3
8573,1
8574,1
8575,1
8576,1
8577,1
8578,1
8579,3
8580,1
8581,3
8582,3
8583,1
8584,3
8585,1
8586,1
8587,1
8588,1
8589,1
8590,1
8591,1
8592,1
8593,3
8594,3
8595,1
8596,3
8597,3
8598,3
8599,3
8600,3
8601,1
8602,1
8603,3
8604,3
8605,1
8606,1
8607,1
8608,1
8609,3
8610,1
8611,1
8612,3
8613,3
8614,1
8615,1
8616,1
8617,1
8618,3
8619,3
8620,3
8621,3
8622,3
8623,1
8624,3
8625,1
8626,3
8627,1
8628,3
8629,3
8630,1
8631,3
8632,3
8633,3
8634,1
8635,1
8636,1
8637,1
8638,3
8639,1
8640,3
8641,1
8642,3
8643,3
8644,3
8645,1
8646,1
8647,3
8648,3
8649,3
8650,3
8651,3
8652,3
8653,3
8654,1
8655,3
8656,1
8657,1
8658,3
8659,3
8660,1
8661,3
8662,3
8663,1
8664,1
8665,1
8666,3
8667,1
8668,1
8669,3
8670,3
8671,3
8672,3
8673,1
8674,3
8675,3
8676,3
8677,1
8678,3
8679,3
8680,1
8681,3
8682,1
8683,3
8684,1
8685,3
8686,3
8687,3
8688,1
8689,3
8690,3
8691,3
8692,3
8693,1
8694,1
8695,1
8696,3
8697,3
8698,1
8699,1
8700,1
8701,3
8702,1
8703,3
8704,1
8705,1
8706,3
8707,3
8708,3
8709,3
8710,1
8711,3
8712,3
8713,3
8714,3
8715,3
8716,1
8717,3
8718,1
8719,3
8720,1
8721,1
8722,1
8723,1
8724,1
8725,3
8726,3
8727,1
8728,3
8729,3
8730,3
8731,1
8732,3
8733,3
8734,1
8735,3
8736,1
8737,1
8738,3
8739,3
8740,3
8741,1
8742,3
8743,3
8744,1
8745,1
8746,3
8747,3
8748,3
8749,3
8750,1
8751,1
8752,3
8753,1
8754,1
8755,3
8756,3
8757,3
8758,1
8759,1
8760,1
8761,3
8762,3
8763,3
8764,1
8765,1
8766,3
8767,1
8768,3
8769,3
8770,1
8771,1
8772,1
8773,3
8774,1
8775,3
8776,3
8777,1
8778,3
8779,1
8780,1
8781,1
8782,1
8783,3
8784,1
8785,1
8786,1
8787,1
8788,3
8789,1
8790,1
8791,3
8792,1
8793,3
8794,1
8795,3
8796,3
8797,1
8798,3
8799,3
8800,3
8801,3
8802,1
8803,1
8804,3
8805,3
8806,1
8807,1
8808,1
8809,1
8810,3
8811,3
8812,3
8813,1
8814,1
8815,3
8816,1
8817,1
8818,1
8819,1
8820,1
8821,1
8822,1
8823,1
8824,1
8825,3
8826,1
8827,1
8828,3
8829,3
8830,3
8831,3
8832,3
8833,1
8834,1
8835,3
8836,3
8837,3
8838,3
8839,1
8840,1
8841,3
8842,3
8843,3
8844,1
8845,3
8846,3
8847,3
8848,1
8849,1
8850,1
8851,1
8852,3
8853,1
8854,3
8855,1
8856,3
8857,3
8858,3
8859,1
8860,3
8861,3
8862,1
8863,1
8864,3
8865,3
8866,1
8867,1
8868,1
8869,3
8870,1
8871,3
8872,3
8873,3
8874,3
8875,1
8876,1
8877,1
8878,1
8879,1
8880,3
8881,3
8882,3
8883,1
8884,1
8885,1
8886,3
8887,1
8888,3
8889,1
8890,1
8891,1
8892,3
8893,3
8894,1
8895,3
8896,1
8897,1
8898,1
8899,3
8900,1
8901,3
8902,3
8903,3
8904,3
8905,1
8906,1
8907,1
8908,1
8909,1
8910,3
8911,3
8912,3
8913,1
8914,3
8915,3
8916,1
8917,1
8918,3
8919,3
8920,3
8921,1
8922,1
8923,1
8924,1
8925,3
8926,1
8927,1
8928,1
8929,3
8930,3
8931,1
8932,3
8933,3
8934,3
8935,3
8936,1
8937,3
8938,1
8939,3
8940,3
8941,3
8942,3
8943,3
8944,1
8945,3
8946,3
8947,1
8948,3
8949,1
8950,1
8951,3
8952,3
8953,3
8954,3
8955,3
8956,3
8957,1
8958,3
8959,3
8960,1
8961,3
8962,3
8963,3
8964,3
8965,1
8966,3
8967,3
8968,3
8969,1
8970,3
8971,3
8972,3
8973,1
8974,3
8975,1
8976,3
8977,3
8978,3
8979,3
8980,3
8981,3
8982,3
8983,1
8984,1
8985,1
8986,3
8987,3
8988,1
8989,3
8990,3
8991,3
8992,1
8993,3
8994,1
8995,1
8996,1
8997,3
8998,1
8999,1
9000,3
9001,3
9002,1
9003,3
9004,3
9005,1
9006,1
9007,3
9008,3
9009,3
9010,1
9011,3
9012,1
9013,1
9014,1
9015,1
9016,1
9017,3
9018,3
9019,3
9020,3
9021,3
9022,3
9023,3
9024,1
9025,1
9026,3
9027,3
9028,3
9029,1
9030,3
9031,1
9032,3
9033,3
9034,1
9035,3
9036,3
9037,1
9038,3
9039,3
9040,1
9041,3
9042,3
9043,3
9044,1
9045,1
9046,1
9047,3
9048,3
9049,3
9050,3
9051,1
9052,3
9053,3
9054,3
9055,1
9056,3
9057,1
9058,1
9059,1
9060,3
9061,1
9062,3
9063,3
9064,1
9065,3
9066,3
9067,1
9068,1
9069,1
9070,3
9071,3
9072,3
9073,3
9074,1
9075,1
9076,3
9077,1
9078,3
9079,3
9080,1
9081,3
9082,3
9083,3
9084,3
9085,3
9086,3
9087,3
9088,3
9089,3
9090,1
9091,1
9092,1
9093,3
9094,1
9095,1
9096,3
9097,1
9098,3
9099,3
9100,3
9101,1
9102,1
9103,1
9104,1
9105,1
9106,1
9107,3
9108,1
9109,1
9110,1
9111,3
9112,1
9113,1
9114,1
9115,3
9116,1
9117,3
9118,3
9119,3
9120,1
9121,1
9122,3
9123,3
9124,3
9125,3
9126,1
9127,1
9128,3
9129,1
9130,3
9131,3
9132,3
9133,1
9134,3
9135,3
9136,1
9137,3
9138,3
9139,1
9140,3
9141,1
9142,3
9143,3
9144,3
9145,1
9146,3
9147,1
9148,1
9149,3
9150,3
9151,3
9152,3
9153,1
9154,1
9155,3
9156,3
9157,3
9158,3
9159,3
9160,3
9161,1
9162,1
9163,3
9164,3
9165,3
9166,3
9167,1
9168,1
9169,1
9170,1
9171,3
9172,3
9173,1
9174,1
9175,3
9176,3
9177,3
9178,1
9179,3
9180,1
9181,3
9182,1
9183,1
9184,1
9185,1
9186,1
9187,3
9188,3
9189,3
9190,3
9191,1
9192,1
9193,3
9194,3
9195,1
9196,1
9197,1
9198,1
9199,1
9200,1
9201,3
9202,3
9203,1
9204,1
9205,3
9206,3
9207,3
9208,3
9209,3
9210,1
9211,1
9212,3
9213,3
9214,3
9215,1
9216,3
9217,3
9218,3
9219,1
9220,3
9221,3
9222,1
9223,3
9224,1
9225,1
9226,1
9227,3
9228,1
9229,3
9230,1
9231,1
9232,3
9233,3
9234,1
9235,3
9236,1
9237,1
9238,1
9239,1
9240,3
9241,3
9242,3
9243,1
9244,3
9245,1
9246,1
9247,1
9248,3
9249,1
9250,1
9251,3
9252,1
9253,1
9254,1
9255,3
9256,3
9257,1
9258,1
9259,3
9260,1
9261,3
9262,1
9263,3
9264,1
9265,1
9266,3
9267,3
9268,3
9269,1
9270,3
9271,1
9272,3
9273,3
9274,3
9275,3
9276,3
9277,1
9278,3
9279,1
9280,1
9281,3
9282,3
9283,3
9284,1
9285,1
9286,1
9287,1
9288,1
9289,3
9290,3
9291,1
9292,3
9293,1
9294,1
9295,1
9296,3
9297,1
9298,1
9299,1
9300,1
9301,3
9302,1
9303,1
9304,1
9305,1
9306,3
9307,1
9308,1
9309,1
9310,1
9311,3
9312,1
9313,1
9314,3
9315,3
9316,1
9317,3
9318,1
9319,1
9320,3
9321,1
9322,3
9323,1
9324,3
9325,1
9326,1
9327,1
9328,3
9329,3
9330,1
9331,3
9332,3
9333,3
9334,3
9335,1
9336,3
9337,3
9338,3
9339,3
9340,3
9341,3
9342,3
9343,1
9344,3
9345,3
9346,3
9347,3
9348,3
9349,3
9350,3
9351,3
9352,1
9353,1
9354,1
9355,3
9356,3
9357,3
9358,3
9359,3
9360,1
9361,1
9362,1
9363,3
9364,3
9365,3
9366,3
9367,3
9368,3
9369,3
9370,3
9371,3
9372,1
9373,3
9374,3
9375,1
9376,3
9377,1
9378,3
9379,3
9380,3
9381,1
9382,3
9383,3
9384,1
9385,1
9386,3
9387,1
9388,3
9389,1
9390,1
9391,3
9392,1
9393,1
9394,1
9395,3
9396,1
9397,3
9398,1
9399,3
9400,3
9401,3
9402,1
9403,1
9404,1
9405,3
9406,1
9407,1
9408,1
9409,1
9410,3
9411,1
9412,3
9413,3
9414,1
9415,3
9416,1
9417,3
9418,1
9419,1
9420,3
9421,3
9422,1
9423,3
9424,1
9425,3
9426,1
9427,3
9428,3
9429,3
9430,3
9431,1
9432,1
9433,3
9434,3
9435,1
9436,1
9437,1
9438,1
9439,3
9440,3
9441,3
9442,3
9443,1
9444,3
9445,1
9446,3
9447,1
9448,3
9449,3
9450,3
9451,1
9452,1
9453,1
9454,1
9455,1
9456,1
9457,3
9458,3
9459,1
9460,1
9461,1
9462,1
9463,1
9464,3
9465,3
9466,3
9467,3
9468,1
9469,3
9470,1
9471,1
9472,1
9473,1
9474,1
9475,1
9476,1
9477,3
9478,3
9479,1
9480,3
9481,3
9482,3
9483,3
9484,1
9485,1
9486,3
9487,1
9488,3
9489,1
9490,3
9491,1
9492,3
9493,3
9494,1
9495,3
9496,1
9497,3
9498,3
9499,1
9500,3
9501,3
9502,3
9503,3
9504,1
9505,3
9506,1
9507,1
9508,3
9509,1
9510,3
9511,3
9512,1
9513,1
9514,1
9515,3
9516,3
9517,3
9518,3
9519,3
9520,3
9521,3
9522,3
9523,3
9524,1
9525,1
9526,1
9527,1
9528,1
9529,1
9530,3
9531,1
9532,3
9533,1
9534,3
9535,3
9536,3
9537,3
9538,1
9539,1
9540,1
9541,1
9542,1
9543,3
9544,1
9545,3
9546,3
9547,1
9548,1
9549,3
9550,3
9551,1
9552,3
9553,1
9554,3
9555,1
9556,3
9557,3
9558,3
9559,1
9560,3
9561,1
9562,3
9563,3
9564,3
9565,3
9566,3
9567,3
9568,1
9569,3
9570,3
9571,1
9572,3
9573,1
9574,3
9575,3
9576,3
9577,1
9578,1
9579,3
9580,3
9581,3
9582,1
9583,3
9584,1
9585,1
9586,1
9587,1
9588,3
9589,1
9590,3
9591,1
9592,1
9593,3
9594,3
9595,3
9596,1
9597,1
9598,1
9599,3
9600,1
9601,1
9602,1
9603,3
9604,1
9605,1
9606,1
9607,3
9608,3
9609,1
9610,1
9611,3
9612,3
9613,3
9614,1
9615,3
9616,1
9617,3
9618,1
9619,3
9620,1
9621,1
9622,3
9623,3
9624,3
9625,3
9626,3
9627,3
9628,1
9629,3
9630,1
9631,1
9632,3
9633,1
9634,3
9635,1
9636,1
9637,3
9638,3
9639,1
9640,1
9641,3
9642,3
9643,3
9644,1
9645,3
9646,3
9647,1
9648,3
9649,3
9650,3
9651,3
9652,3
9653,3
9654,3
9655,1
9656,3
9657,1
9658,3
9659,3
9660,1
9661,1
9662,1
9663,3
9664,3
9665,3
9666,1
9667,3
9668,1
9669,3
9670,1
9671,3
9672,3
9673,3
9674,1
9675,3
9676,3
9677,1
9678,3
9679,1
9680,3
9681,1
9682,1
9683,1
9684,1
9685,1
9686,3
9687,1
9688,3
9689,3
9690,3
9691,3
9692,1
9693,1
9694,3
9695,3
9696,3
9697,3
9698,3
9699,3
9700,3
9701,3
9702,1
9703,3
9704,1
9705,3
9706,3
9707,3
9708,1
9709,3
9710,3
9711,1
9712,3
9713,3
9714,1
9715,3
9716,3
9717,3
9718,1
9719,1
9720,3
9721,3
9722,1
9723,1
9724,3
9725,1
9726,1
9727,3
9728,1
9729,3
9730,3
9731,3
9732,1
9733,1
9734,3
9735,3
9736,3
9737,3
9738,1
9739,1
9740,3
9741,1
9742,3
9743,1
9744,3
9745,3
9746,3
9747,3
9748,1
9749,3
9750,3
9751,3
9752,1
9753,3
9754,1
9755,1
9756,3
9757,1
9758,1
9759,1
9760,1
9761,1
9762,3
9763,1
9764,3
9765,3
9766,1
9767,1
9768,1
9769,3
9770,1
9771,1
9772,3
9773,3
9774,1
9775,1
9776,1
9777,3
9778,1
9779,1
9780,1
9781,1
9782,3
9783,3
9784,1
9785,3
9786,3
9787,1
9788,1
9789,3
9790,3
9791,3
9792,1
9793,1
9794,3
9795,1
9796,1
9797,3
9798,3
9799,3
9800,3
9801,1
9802,1
9803,3
9804,3
9805,1
9806,3
9807,3
9808,1
9809,3
9810,1
9811,1
9812,1
9813,3
9814,1
9815,3
9816,3
9817,1
9818,3
9819,3
9820,3
9821,1
9822,1
9823,1
9824,1
9825,1
9826,1
9827,3
9828,1
9829,1
9830,3
9831,1
9832,3
9833,3
9834,3
9835,3
9836,3
9837,1
9838,3
9839,3
9840,1
9841,3
9842,3
9843,1
9844,3
9845,1
9846,1
9847,1
9848,3
9849,1
9850,3
9851,3
9852,3
9853,1
9854,1
9855,1
9856,3
9857,1
9858,1
9859,1
9860,1
9861,3
9862,3
9863,3
9864,1
9865,1
9866,1
9867,1
9868,3
9869,1
9870,3
9871,3
9872,3
9873,3
9874,1
9875,3
9876,3
9877,3
9878,1
9879,3
9880,3
9881,1
9882,1
9883,3
9884,3
9885,3
9886,1
9887,1
9888,1
9889,3
9890,1
9891,1
9892,1
9893,3
9894,1
9895,3
9896,1
9897,1
9898,3
9899,3
9900,3
9901,1
9902,3
9903,3
9904,3
9905,1
9906,1
9907,1
9908,1
9909,1
9910,3
9911,1
9912,3
9913,3
9914,3
9915,1
9916,3
9917,1
9918,1
9919,3
9920,1
9921,3
9922,3
9923,1
9924,1
9925,1
9926,1
9927,3
9928,1
9929,1
9930,1
9931,1
9932,1
9933,1
9934,3
9935,3
9936,3
9937,1
9938,3
9939,3
9940,3
9941,3
9942,1
9943,1
9944,1
9945,3
9946,1
9947,3
9948,3
9949,3
9950,3
9951,3
9952,3
9953,3
9954,1
9955,1
9956,1
9957,3
9958,1
9959,3
9960,3
9961,3
9962,3
9963,1
9964,3
9965,3
9966,3
9967,3
9968,3
9969,3
9970,3
9971,3
9972,3
9973,3
9974,1
9975,1
9976,3
9977,3
9978,1
9979,1
9980,3
9981,3
9982,1
9983,3
9984,1
9985,3
9986,3
9987,1
9988,3
9989,3
9990,1
9991,1
9992,1
9993,1
9994,1
9995,1
9996,3
9997,3
9998,3
9999,3
10000,3
